1   1 9
    2 17
    3 24
    4 21
    5 20
    6 47
    7 16
    8 52
2   1 zyxw
    2 wzxy
    3 zxwy
    4 cdba
    5 wxyz
    6 zyxw
    7 xzyw
    8 zywx
3   1 1420 (-)
    2 381
    3 2140 (-)
4   1 100
    2 101
    3 1011
    4 1011
    5 100
    6 15
    7 15
5   1 19
    2 138
    3 19
    4 55 (-)
    5 19
    6 23
    7 65
    8 3
6   1 21
    2 59
    3 65
    4 24
    5 259
    6 44
    7 59
    8 330
7   1 16
    2 64
    3 32
    4 16
    5 1024
    6 4
    7 2
8   1 48
    2 524288 (-)
    3 9375 (-)
    4 2200
    5 126
    6 4644 (-)
    7 2527
    8 519
9   1 2453
    2 2474 (-)
    3 2585
    4 2715
10  1 1
    2 18
    3 12
    4 11 (-)
    5 1
    6 20
    7 7
    8 12
11  1 600
    2 22016
    3 13568
    4 377920 (-)
    5 600
    6 368
    7 11000 (-)
    8 10736 (-)
12  1 22
    2 90 (-)
    3 90
    4 881
    5 22
    6 22
    7 88
    8 88 (-)
13  1 24
    2 10
    3 21
    4 16
    5 24
    6 21
    7 7
    8 11
14  1 13
    2 13950
    3 1182
    4 15
    5 15
    6 205
    7 4027
    8 30417
15  1 18
    2 36
    3 28
    4 23
    5 12
    6 26
    7 55
16  1 4122
    2 818996 (-)
    3 4622
    4 62820
    5 4122
    6 1444
    7 58
17  1 2802 1990
    2 731 990
    3 24 17613
    4 17 172728
18  1 1204 502
    2 725 491 (-)
    3 451 714
    4 761 579
    5 721 640
    6 2463 1613 (-)
    7 2174 1145
    8 2666 1720
19  1 18
20    31 34
21    30
    2 27
      24 26
      23
    3 25
      22 24
      21
    4 19
      15 18
      14
    5 14
      7 13
      12
    6 49
      88 96
      87
    7 52
      94 102
      93
    8 58
      106 114
      105
22  1 49
    2 165
    3 249
    4 46
    5 49
    6 26
    7 70
    8 54
23  1 28
    2 45
    3 60
    4 650
    5 28
    6 30
    7 105
24  1 34 (-)
    2 83
    3 110
    4 1707 (-)
    5 2252
    6 188
    7 2397
    8 19
    9 151
25  1 3 58153/7 24923/59 2957/13 13421/149 1171/5 34897/211 827/2 87251
    2 350308 26951/350321 630/350333 138/350345 6198/350355 16172/350367 8984
    3 250204 125104/250345 50074/250450 125227/250581 83530/250696 125350 (-)
    4 452021 2250/452025 150678/452029 23810/452034 226019/452048 226026 (-)
    5 500002 178/500004 18/500016 48/500018 58/500020 4348
    6 70005 23338/70007 10008/70012 35008/70015 14008/70032 35018
    7 220004 110004/220023 73344/220024 110014/220033 20014/220043 1044
    8 123450668 7261804/123451688 7261864/123456618 7262154/123457638 7262214/123458658 7262274 (-)
    9 123450668 7261804/123451688 7261864/123456618 7262154/123457638 7262214/123458658 7262274 (-)
26  1 568 50
    2 1611 90
    3 1614 79
    4 1612 90
    5 8631 7311
    6 263 86
    7 2261 5087
    8 4802 7468