52	52		250000	990
52	104		242895	
52	156		39797	
52	208			
53	261			
54	315			
54	369			
54	423			
55	478			
56	534			
56	590			
57	647			
58	705			
58	763			
59	822			
59	881			
59	940			
59	999			
59	1058			
60	1118			
63	1181			
63	1244			
63	1307			
63	1370			
63	1433			
66	1499			
66	1565			
67	1632			
67	1699			
67	1766			
68	1834			
68	1902			
69	1971			
69	2040			
69	2109			
69	2178			
70	2248			
70	2318			
70	2388			
71	2459			
71	2530			
72	2602			
72	2674			
73	2747			
73	2820			
75	2895			
75	2970			
76	3046			
76	3122			
77	3199			
77	3276			
77	3353			
79	3432			
79	3511			
79	3590			
80	3670			
80	3750			
80	3830			
81	3911			
81	3992			
82	4074			
82	4156			
82	4238			
82	4320			
83	4403			
84	4487			
85	4572			
86	4658			
86	4744			
86	4830			
86	4916			
86	5002			
86	5088			
86	5174			
86	5260			
87	5347			
88	5435			
89	5524			
89	5613			
91	5704			
91	5795			
92	5887			
92	5979			
93	6072			
93	6165			
94	6259			
94	6353			
94	6447			
94	6541			
94	6635			
95	6730			
95	6825			
96	6921			
97	7018			
97	7115			
97	7212			
97	7309			
98	7407			
98	7505			
99	7604			
100	7704			
100	7804			
100	7904			
101	8005			
101	8106			
101	8207			
101	8308			
101	8409			
102	8511			
103	8614			
103	8717			
104	8821			
104	8925			
104	9029			
106	9135			
106	9241			
107	9348			
108	9456			
108	9564			
108	9672			
109	9781			
109	9890			
109	9999			
110	10109			
110	10219			
110	10329			
110	10439			
111	10550			
112	10662			
112	10774			
112	10886			
113	10999			
115	11114			
115	11229			
116	11345			
116	11461			
117	11578			
117	11695			
118	11813			
120	11933			
120	12053			
120	12173			
120	12293			
121	12414			
122	12536			
122	12658			
122	12780			
124	12904			
125	13029			
125	13154			
126	13280			
126	13406			
126	13532			
126	13658			
126	13784			
126	13910			
127	14037			
127	14164			
128	14292			
128	14420			
128	14548			
129	14677			
129	14806			
129	14935			
129	15064			
130	15194			
130	15324			
132	15456			
132	15588			
133	15721			
134	15855			
134	15989			
135	16124			
135	16259			
136	16395			
136	16531			
136	16667			
136	16803			
136	16939			
137	17076			
137	17213			
139	17352			
140	17492			
140	17632			
141	17773			
141	17914			
142	18056			
142	18198			
142	18340			
143	18483			
144	18627			
144	18771			
144	18915			
145	19060			
145	19205			
145	19350			
145	19495			
146	19641			
146	19787			
148	19935			
148	20083			
149	20232			
149	20381			
149	20530			
150	20680			
150	20830			
150	20980			
150	21130			
151	21281			
151	21432			
151	21583			
152	21735			
152	21887			
152	22039			
154	22193			
154	22347			
154	22501			
154	22655			
155	22810			
155	22965			
155	23120			
155	23275			
155	23430			
156	23586			
156	23742			
157	23899			
158	24057			
158	24215			
158	24373			
159	24532			
160	24692			
160	24852			
160	25012			
161	25173			
161	25334			
161	25495			
161	25656			
162	25818			
162	25980			
163	26143			
163	26306			
165	26471			
165	26636			
165	26801			
165	26966			
165	27131			
165	27296			
165	27461			
166	27627			
166	27793			
166	27959			
166	28125			
166	28291			
166	28457			
166	28623			
167	28790			
167	28957			
167	29124			
167	29291			
168	29459			
168	29627			
170	29797			
170	29967			
170	30137			
170	30307			
172	30479			
172	30651			
172	30823			
173	30996			
173	31169			
173	31342			
174	31516			
174	31690			
174	31864			
175	32039			
175	32214			
176	32390			
177	32567			
177	32744			
178	32922			
178	33100			
178	33278			
179	33457			
179	33636			
179	33815			
180	33995			
180	34175			
181	34356			
182	34538			
183	34721			
184	34905			
186	35091			
186	35277			
187	35464			
187	35651			
188	35839			
188	36027			
188	36215			
188	36403			
189	36592			
191	36783			
191	36974			
192	37166			
193	37359			
195	37554			
195	37749			
195	37944			
195	38139			
195	38334			
196	38530			
198	38728			
198	38926			
199	39125			
199	39324			
199	39523			
200	39723	74		
200				
200				
201				
202				
202				
202				
203				
203				
203				
204				
204				
204				
205				
205				
206				
206				
206				
206				
207				
207				
207				
208				
208				
208				
209				
209				
210				
210				
210				
211				
212				
212				
212				
212				
213				
214				
215				
215				
215				
216				
218				
218				
218				
218				
220				
221				
221				
222				
222				
222				
222				
223				
223				
224				
224				
225				
225				
226				
227				
227				
227				
228				
228				
229				
229				
229				
230				
230				
231				
231				
231				
232				
232				
232				
233				
233				
234				
235				
235				
236				
236				
236				
237				
237				
237				
238				
239				
239				
239				
239				
239				
239				
239				
240				
240				
240				
241				
241				
242				
242				
243				
243				
243				
243				
244				
244				
244				
245				
245				
245				
245				
245				
246				
249				
249				
250				
251				
254				
255				
256				
257				
257				
262				
263				
267				
269				
273				
276				
279				
279				
281				
281				
281				
282				
282				
283				
283				
285				
285				
286				
292				
292				
296				
299				
299				
301				
301				
303				
303				
303				
304				
312				
317				
320				
321				
321				
321				
323				
324				
324				
325				
329				
330				
333				
335				
336				
337				
339				
339				
341				
342				
343				
343				
348				
348				
348				
350				
351				
352				
353				
354				
355				
356				
357				
362				
365				
365				
367				
368				
369				
373				
375				
378				
378				
379				
379				
380				
381				
382				
385				
385				
385				
388				
389				
390				
392				
396				
396				
401				
401				
402				
403				
407				
411				
411				
412				
412				
413				
414				
414				
414				
424				
424				
425				
425				
426				
430				
431				
431				
434				
438				
440				
440				
443				
444				
445				
446				
447				
448				
450				
452				
452				
453				
456				
459				
459				
460				
461				
463				
468				
469				
469				
470				
471				
472				
473				
474				
477				
477				
478				
481				
484				
486				
486				
490				
491				
494				
499				
502				
502				
503				
505				
508				
509				
509				
509				
510				
510				
511				
511				
513				
515				
515				
516				
516				
517				
517				
518				
518				
518				
518				
519				
520				
523				
524				
524				
525				
529				
530				
531				
532				
533				
533				
534				
536				
540				
540				
541				
541				
542				
543				
547				
547				
551				
554				
554				
554				
558				
559				
559				
565				
566				
566				
566				
566				
570				
570				
574				
578				
582				
583				
584				
586				
587				
588				
588				
589				
590				
593				
594				
597				
598				
599				
602				
603				
605				
607				
610				
611				
612				
612				
619				
620				
620				
621				
622				
623				
624				
624				
626				
626				
627				
629				
629				
629				
630				
630				
633				
637				
638				
638				
640				
642				
642				
643				
645				
645				
645				
648				
649				
663				
673				
681				
698				
698				
700				
707				
728				
742				
744				
758				
759				
768				
772				
798				
810				
812				
812				
820				
827				
831				
850				
850				
857				
869				
871				
879				
910				
910				
928				
931				
940				
947				
949				
959				
965				
975				
980				
988				
992				
999				
1056				
1061				
1061				
1072				
1100				
1126				
1160				
1171				
1172				
1174				
1174				
1192				
1221				
1221				
1239				
1242				
1243				
1252				
1265				
1291				
1311				
1312				
1329				
1333				
1334				
1343				
1353				
1395				
1420				
1434				
1447				
1451				
1453				
1462				
1467				
1474				
1499				
1501				
1501				
1512				
1516				
1524				
1590				
1604				
1623				
1634				
1653				
1675				
1678				
1691				
1724				
1727				
1738				
1743				
1764				
1767				
1769				
1801				
1834				
1847				
1866				
1871				
1902				
1905				
1910				
1910				
1959				
1968				
1981				
1984				
1988				
1993				
2051	2051			
2068	2068			
2079	2079			
2084	2084			
2085	2085			
2086	2086			
2147	2147			
2152	2152			
2161	2161			
2165	2165			
2185	2185			
2222	2222			
2224	2224			
2224	2224			
2230	2230			
2246	2246			
2249	2249			
2268	2268			
2269	2269			
2292	2292			
2301	2301			
2320	2320			
2340	2340			
2364	2364			
2367	2367			
2370	2370			
2375	2375			
2384	2384			
2405	2405			
2407	2407			
2412	2412			
2450	2450			
2470	2470			
2480	2480			
2499	2499			
2500	2500			
2524	2524			
2524	2524			
2529	2529			
2555	2555			
2571	2571			
2592	2592			
2609	2609			
2615	2615			
2616	2616			
2625	2625			
2639	2639			
2669	2669			
2672	2672			
2674	2674			
2693	2693			
2695	2695			
2703	2703			
2704	2704			
2728	2728			
2757	2757			
2768	2768			
2770	2770			
2771	2771			
2777	2777			
2781	2781			
2795	2795			
2800	2800			
2810	2810			
2812	2812			
2817	2817			
2822	2822			
2838	2838			
2838	2838			
2856	2856			
2859	2859			
2880	2880			
2890	2890			
2908	2908			
2927	2927			
2934	2934			
2937	2937			
2947	2947			
2960	2960			
2976	2976			
3011	3011			
3012				
3014				
3021				
3050				
3054				
3097				
3122				
3124				
3126				
3129				
3130				
3132				
3139				
3154				
3169				
3178				
3184				
3189				
3207				
3215				
3220				
3224				
3250				
3285				
3286				
3288				
3295				
3303				
3304				
3331				
3336				
3350				
3359				
3363				
3416				
3418				
3422				
3428				
3434				
3489				
3490				
3502				
3507				
3508				
3519				
3521				
3531				
3537				
3549				
3551				
3580				
3593				
3597				
3604				
3607				
3618				
3636				
3648				
3667				
3668				
3675				
3675				
3677				
3684				
3702				
3720				
3722				
3723				
3734				
3787				
3791				
3796				
3805				
3810				
3810				
3838				
3844				
3844				
3881				
3894				
3898				
3899				
3902				
3912				
3914				
3935				
3940				
3978				
3979				
3995				
3996				
4003				
4013				
4039				
4040				
4060				
4063				
4068				
4081				
4094	4094			