ô	è	ñ		6000
100	99	1		
100	97	1		
100	96	2		
100	95	3		
100	92	1		
100	91	2		
100	90	3		
100	87	1		
100	86	2		
100	84	1		
100	83	2		
100	82	3		
100	81	4		
100	79	1		
100	78	2		
100	77	3		
100	76	4		
100	73	1		
100	71	1		
100	70	2		
100	69	3		
100	66	1		
100	65	2		
100	63	1		
100	61	1		
100	60	2		
100	59	3		
100	58	4		
100	57	5		
100	56	6		
100	53	1		
100	52	2		
100	50	1		
100	47	1		
100	44	1		
100	43	2		
100	42	3		
100	41	4		
100	40	5		
100	39	6		
100	38	7		
100	36	1		
100	33	1		
100	31	1		
100	29	1		
100	27	1		
100	26	2		
100	24	1		
100	22	1		
100	19	1		
100	18	2		
100	17	3		
100	16	4		
100	15	5		
100	13	1		
100	12	2		
100	10	1		
100	9	2		
100	7	1		
100	6	2		
100	5	3		
100	3	1		
100	1	1		
99	96	1		
99	94	1		
99	92	1		
99	87	1		
99	86	2		
99	84	1		
99	83	2		
99	82	3		
99	81	4		
99	80	5		
99	79	6		
99	77	1		
99	76	2		
99	74	1		
99	73	2		
99	72	3		
99	71	4		
99	69	1		
99	67	1		
99	66	2		
99	65	3		
99	64	4		
99	63	5		
99	62	6		
99	61	7		
99	60	8		
99	59	9		
99	58	10		
99	57	11		
99	56	12		
99	54	1		
99	50	1		
99	49	2		
99	48	3		
99	47	4		
99	46	5		
99	45	6		
99	43	1		
99	40	1		
99	38	1		
99	36	1		
99	35	2		
99	33	1		
99	32	2		
99	30	1		
99	29	2		
99	26	1		
99	24	1		
99	23	2		
99	22	3		
99	21	4		
99	19	1		
99	18	2		
99	17	3		
99	16	4		
99	15	5		
99	14	6		
99	13	7		
99	12	8		
99	11	9		
99	10	10		
99	9	11		
99	8	12		
99	7	13		
99	6	14		
99	4	1		
99	3	2		
99	1	1		
98	99	1		
98	98	2		
98	91	1		
98	90	2		
98	89	3		
98	88	4		
98	87	5		
98	86	6		
98	84	1		
98	81	1		
98	80	2		
98	76	1		
98	75	2		
98	74	3		
98	73	4		
98	72	5		
98	71	6		
98	70	7		
98	65	1		
98	63	1		
98	62	2		
98	61	3		
98	59	1		
98	56	1		
98	51	1		
98	48	1		
98	47	2		
98	46	3		
98	45	4		
98	44	5		
98	43	6		
98	42	7		
98	41	8		
98	40	9		
98	39	10		
98	38	11		
98	37	12		
98	36	13		
98	34	1		
98	33	2		
98	31	1		
98	30	2		
98	29	3		
98	27	1		
98	24	1		
98	23	2		
98	22	3		
98	18	1		
98	17	2		
98	16	3		
98	14	1		
98	13	2		
98	12	3		
98	10	1		
98	6	1		
98	5	2		
98	2	1		
97	99	1		
97	98	2		
97	97	3		
97	96	4		
97	95	5		
97	93	1		
97	92	2		
97	91	3		
97	89	1		
97	88	2		
97	87	3		
97	86	4		
97	85	5		
97	82	1		
97	81	2		
97	80	3		
97	79	4		
97	77	1		
97	76	2		
97	75	3		
97	74	4		
97	73	5		
97	72	6		
97	68	1		
97	65	1		
97	64	2		
97	61	1		
97	60	2		
97	59	3		
97	57	1		
97	56	2		
97	55	3		
97	54	4		
97	53	5		
97	51	1		
97	48	1		
97	46	1		
97	45	2		
97	43	1		
97	42	2		
97	41	3		
97	40	4		
97	37	1		
97	36	2		
97	35	3		
97	32	1		
97	29	1		
97	26	1		
97	25	2		
97	18	1		
97	15	1		
97	13	1		
97	11	1		
97	7	1		
97	6	2		
97	5	3		
97	4	4		
97	3	5		
97	2	6		
97	1	7		
96	99	1		
96	98	2		
96	96	1		
96	94	1		
96	92	1		
96	91	2		
96	90	3		
96	89	4		
96	88	5		
96	85	1		
96	84	2		
96	83	3		
96	82	4		
96	79	1		
96	77	1		
96	75	1		
96	73	1		
96	72	2		
96	69	1		
96	66	1		
96	63	1		
96	62	2		
96	61	3		
96	60	4		
96	58	1		
96	56	1		
96	54	1		
96	49	1		
96	47	1		
96	44	1		
96	43	2		
96	40	1		
96	36	1		
96	35	2		
96	32	1		
96	31	2		
96	30	3		
96	28	1		
96	26	1		
96	24	1		
96	23	2		
96	22	3		
96	19	1		
96	17	1		
96	16	2		
96	15	3		
96	14	4		
96	13	5		
96	11	1		
96	10	2		
96	8	1		
96	7	2		
96	5	1		
96	3	1		
96	2	2		
96	1	3		
95	98	1		
95	97	2		
95	94	1		
95	93	2		
95	92	3		
95	91	4		
95	87	1		
95	84	1		
95	83	2		
95	82	3		
95	80	1		
95	79	2		
95	77	1		
95	75	1		
95	74	2		
95	70	1		
95	69	2		
95	68	3		
95	67	4		
95	66	5		
95	65	6		
95	63	1		
95	62	2		
95	61	3		
95	59	1		
95	58	2		
95	57	3		
95	55	1		
95	54	2		
95	53	3		
95	51	1		
95	50	2		
95	48	1		
95	47	2		
95	46	3		
95	41	1		
95	39	1		
95	34	1		
95	31	1		
95	30	2		
95	29	3		
95	28	4		
95	25	1		
95	22	1		
95	19	1		
95	18	2		
95	17	3		
95	16	4		
95	14	1		
95	13	2		
95	11	1		
95	10	2		
95	7	1		
95	6	2		
95	5	3		
95	4	4		
95	2	1		
94	100	1		
94	98	1		
94	97	2		
94	95	1		
94	93	1		
94	90	1		
94	88	1		
94	87	2		
94	86	3		
94	84	1		
94	83	2		
94	81	1		
94	80	2		
94	79	3		
94	78	4		
94	76	1		
94	75	2		
94	72	1		
94	69	1		
94	68	2		
94	67	3		
94	66	4		
94	65	5		
94	63	1		
94	62	2		
94	61	3		
94	60	4		
94	59	5		
94	57	1		
94	56	2		
94	53	1		
94	52	2		
94	51	3		
94	50	4		
94	48	1		
94	47	2		
94	46	3		
94	45	4		
94	44	5		
94	41	1		
94	37	1		
94	36	2		
94	35	3		
94	32	1		
94	30	1		
94	29	2		
94	28	3		
94	27	4		
94	26	5		
94	24	1		
94	23	2		
94	22	3		
94	21	4		
94	20	5		
94	18	1		
94	17	2		
94	12	1		
94	11	2		
94	9	1		
94	7	1		
94	6	2		
94	4	1		
94	3	2		
93	99	1		
93	98	2		
93	97	3		
93	95	1		
93	93	1		
93	89	1		
93	88	2		
93	87	3		
93	85	1		
93	81	1		
93	78	1		
93	76	1		
93	74	1		
93	72	1		
93	71	2		
93	70	3		
93	69	4		
93	68	5		
93	65	1		
93	64	2		
93	63	3		
93	62	4		
93	61	5		
93	60	6		
93	58	1		
93	55	1		
93	53	1		
93	50	1		
93	49	2		
93	47	1		
93	46	2		
93	45	3		
93	42	1		
93	40	1		
93	36	1		
93	35	2		
93	33	1		
93	31	1		
93	29	1		
93	28	2		
93	25	1		
93	24	2		
93	23	3		
93	22	4		
93	21	5		
93	20	6		
93	18	1		
93	14	1		
93	13	2		
93	12	3		
93	10	1		
93	9	2		
93	3	1		
92	100	1		
92	97	1		
92	94	1		
92	93	2		
92	92	3		
92	89	1		
92	88	2		
92	87	3		
92	86	4		
92	85	5		
92	84	6		
92	83	7		
92	82	8		
92	81	9		
92	80	10		
92	78	1		
92	77	2		
92	75	1		
92	73	1		
92	71	1		
92	70	2		
92	69	3		
92	67	1		
92	65	1		
92	64	2		
92	62	1		
92	58	1		
92	57	2		
92	56	3		
92	55	4		
92	54	5		
92	49	1		
92	47	1		
92	46	2		
92	45	3		
92	44	4		
92	42	1		
92	41	2		
92	40	3		
92	39	4		
92	38	5		
92	37	6		
92	36	7		
92	35	8		
92	33	1		
92	31	1		
92	30	2		
92	29	3		
92	26	1		
92	25	2		
92	24	3		
92	22	1		
92	20	1		
92	18	1		
92	17	2		
92	15	1		
92	14	2		
92	13	3		
92	12	4		
92	11	5		
92	10	6		
92	8	1		
92	6	1		
92	5	2		
92	4	3		
91	100	1		
91	99	2		
91	97	1		
91	96	2		
91	94	1		
91	93	2		
91	91	1		
91	89	1		
91	88	2		
91	87	3		
91	83	1		
91	82	2		
91	81	3		
91	78	1		
91	77	2		
91	76	3		
91	75	4		
91	74	5		
91	72	1		
91	71	2		
91	70	3		
91	68	1		
91	67	2		
91	65	1		
91	63	1		
91	61	1		
91	58	1		
91	57	2		
91	55	1		
91	53	1		
91	51	1		
91	49	1		
91	48	2		
91	45	1		
91	41	1		
91	40	2		
91	38	1		
91	37	2		
91	35	1		
91	34	2		
91	33	3		
91	31	1		
91	30	2		
91	27	1		
91	23	1		
91	22	2		
91	21	3		
91	20	4		
91	18	1		
91	15	1		
91	12	1		
91	11	2		
91	10	3		
91	9	4		
91	8	5		
91	7	6		
91	6	7		
91	4	1		
91	2	1		
90	98	1		
90	97	2		
90	90	1		
90	89	2		
90	88	3		
90	86	1		
90	85	2		
90	84	3		
90	83	4		
90	82	5		
90	80	1		
90	79	2		
90	78	3		
90	73	1		
90	71	1		
90	69	1		
90	66	1		
90	65	2		
90	64	3		
90	63	4		
90	62	5		
90	61	6		
90	59	1		
90	58	2		
90	56	1		
90	55	2		
90	51	1		
90	49	1		
90	45	1		
90	44	2		
90	43	3		
90	42	4		
90	41	5		
90	39	1		
90	38	2		
90	37	3		
90	35	1		
90	34	2		
90	29	1		
90	28	2		
90	22	1		
90	20	1		
90	18	1		
90	17	2		
90	16	3		
90	14	1		
90	12	1		
90	11	2		
90	10	3		
90	8	1		
90	5	1		
90	4	2		
90	3	3		
90	2	4		
90	1	5		
89	100	1		
89	99	2		
89	98	3		
89	97	4		
89	96	5		
89	95	6		
89	94	7		
89	93	8		
89	92	9		
89	91	10		
89	90	11		
89	88	1		
89	87	2		
89	86	3		
89	83	1		
89	81	1		
89	80	2		
89	78	1		
89	77	2		
89	73	1		
89	70	1		
89	67	1		
89	65	1		
89	64	2		
89	60	1		
89	56	1		
89	55	2		
89	52	1		
89	51	2		
89	50	3		
89	49	4		
89	48	5		
89	47	6		
89	41	1		
89	38	1		
89	36	1		
89	35	2		
89	34	3		
89	32	1		
89	31	2		
89	29	1		
89	28	2		
89	26	1		
89	24	1		
89	23	2		
89	19	1		
89	18	2		
89	17	3		
89	15	1		
89	13	1		
89	12	2		
89	11	3		
89	8	1		
89	6	1		
89	5	2		
89	4	3		
89	3	4		
89	2	5		
89	1	6		
88	99	1		
88	98	2		
88	97	3		
88	96	4		
88	92	1		
88	91	2		
88	84	1		
88	81	1		
88	80	2		
88	79	3		
88	78	4		
88	75	1		
88	74	2		
88	73	3		
88	71	1		
88	68	1		
88	67	2		
88	64	1		
88	62	1		
88	61	2		
88	60	3		
88	59	4		
88	58	5		
88	57	6		
88	54	1		
88	52	1		
88	50	1		
88	49	2		
88	48	3		
88	46	1		
88	45	2		
88	43	1		
88	41	1		
88	40	2		
88	39	3		
88	38	4		
88	36	1		
88	34	1		
88	33	2		
88	32	3		
88	31	4		
88	30	5		
88	29	6		
88	26	1		
88	25	2		
88	24	3		
88	23	4		
88	20	1		
88	18	1		
88	16	1		
88	13	1		
88	10	1		
88	9	2		
88	8	3		
88	4	1		
88	2	1		
87	97	1		
87	95	1		
87	94	2		
87	92	1		
87	90	1		
87	89	2		
87	88	3		
87	86	1		
87	83	1		
87	80	1		
87	79	2		
87	73	1		
87	72	2		
87	70	1		
87	69	2		
87	68	3		
87	64	1		
87	62	1		
87	61	2		
87	60	3		
87	59	4		
87	56	1		
87	54	1		
87	52	1		
87	51	2		
87	50	3		
87	40	1		
87	39	2		
87	38	3		
87	36	1		
87	35	2		
87	33	1		
87	31	1		
87	30	2		
87	29	3		
87	28	4		
87	24	1		
87	23	2		
87	22	3		
87	20	1		
87	19	2		
87	18	3		
87	17	4		
87	16	5		
87	15	6		
87	13	1		
87	10	1		
87	8	1		
87	6	1		
87	4	1		
87	2	1		
87	1	2		
86	98	1		
86	96	1		
86	95	2		
86	94	3		
86	92	1		
86	90	1		
86	89	2		
86	88	3		
86	87	4		
86	86	5		
86	85	6		
86	82	1		
86	81	2		
86	78	1		
86	77	2		
86	76	3		
86	74	1		
86	73	2		
86	72	3		
86	69	1		
86	65	1		
86	63	1		
86	61	1		
86	59	1		
86	56	1		
86	55	2		
86	54	3		
86	53	4		
86	51	1		
86	50	2		
86	49	3		
86	46	1		
86	45	2		
86	43	1		
86	42	2		
86	41	3		
86	40	4		
86	39	5		
86	38	6		
86	37	7		
86	36	8		
86	32	1		
86	31	2		
86	30	3		
86	29	4		
86	28	5		
86	26	1		
86	24	1		
86	23	2		
86	22	3		
86	21	4		
86	20	5		
86	18	1		
86	16	1		
86	13	1		
86	12	2		
86	10	1		
86	9	2		
86	8	3		
86	7	4		
86	5	1		
86	2	1		
86	1	2		
85	99	1		
85	97	1		
85	93	1		
85	91	1		
85	88	1		
85	82	1		
85	80	1		
85	78	1		
85	77	2		
85	76	3		
85	74	1		
85	73	2		
85	71	1		
85	69	1		
85	65	1		
85	64	2		
85	63	3		
85	62	4		
85	61	5		
85	57	1		
85	54	1		
85	53	2		
85	52	3		
85	51	4		
85	49	1		
85	47	1		
85	46	2		
85	45	3		
85	44	4		
85	42	1		
85	41	2		
85	40	3		
85	36	1		
85	35	2		
85	33	1		
85	32	2		
85	31	3		
85	30	4		
85	28	1		
85	26	1		
85	25	2		
85	24	3		
85	22	1		
85	21	2		
85	19	1		
85	18	2		
85	17	3		
85	15	1		
85	13	1		
85	12	2		
85	11	3		
85	10	4		
85	8	1		
85	7	2		
85	5	1		
85	3	1		
84	99	1		
84	97	1		
84	96	2		
84	95	3		
84	94	4		
84	93	5		
84	91	1		
84	88	1		
84	86	1		
84	85	2		
84	84	3		
84	82	1		
84	81	2		
84	80	3		
84	79	4		
84	76	1		
84	74	1		
84	73	2		
84	71	1		
84	69	1		
84	67	1		
84	66	2		
84	63	1		
84	61	1		
84	60	2		
84	59	3		
84	58	4		
84	56	1		
84	55	2		
84	54	3		
84	52	1		
84	50	1		
84	49	2		
84	48	3		
84	45	1		
84	44	2		
84	42	1		
84	41	2		
84	40	3		
84	38	1		
84	37	2		
84	35	1		
84	34	2		
84	33	3		
84	30	1		
84	28	1		
84	26	1		
84	25	2		
84	24	3		
84	23	4		
84	20	1		
84	19	2		
84	18	3		
84	17	4		
84	15	1		
84	14	2		
84	13	3		
84	12	4		
84	11	5		
84	9	1		
84	7	1		
84	5	1		
84	2	1		
84	1	2		
83	100	1		
83	98	1		
83	97	2		
83	95	1		
83	94	2		
83	91	1		
83	90	2		
83	89	3		
83	87	1		
83	86	2		
83	84	1		
83	83	2		
83	78	1		
83	77	2		
83	76	3		
83	75	4		
83	74	5		
83	72	1		
83	69	1		
83	68	2		
83	67	3		
83	66	4		
83	65	5		
83	64	6		
83	63	7		
83	62	8		
83	61	9		
83	57	1		
83	56	2		
83	52	1		
83	50	1		
83	49	2		
83	48	3		
83	46	1		
83	44	1		
83	43	2		
83	41	1		
83	39	1		
83	35	1		
83	34	2		
83	33	3		
83	32	4		
83	31	5		
83	30	6		
83	29	7		
83	28	8		
83	27	9		
83	19	1		
83	18	2		
83	17	3		
83	15	1		
83	11	1		
83	10	2		
83	9	3		
83	8	4		
83	7	5		
83	6	6		
83	5	7		
83	4	8		
83	3	9		
83	2	10		
82	98	1		
82	97	2		
82	95	1		
82	94	2		
82	93	3		
82	92	4		
82	89	1		
82	87	1		
82	86	2		
82	85	3		
82	83	1		
82	82	2		
82	81	3		
82	80	4		
82	78	1		
82	74	1		
82	73	2		
82	71	1		
82	70	2		
82	69	3		
82	67	1		
82	66	2		
82	64	1		
82	62	1		
82	59	1		
82	57	1		
82	56	2		
82	55	3		
82	54	4		
82	53	5		
82	50	1		
82	49	2		
82	46	1		
82	45	2		
82	44	3		
82	42	1		
82	40	1		
82	37	1		
82	36	2		
82	35	3		
82	34	4		
82	32	1		
82	31	2		
82	28	1		
82	26	1		
82	25	2		
82	24	3		
82	23	4		
82	22	5		
82	20	1		
82	19	2		
82	16	1		
82	14	1		
82	13	2		
82	11	1		
82	6	1		
82	5	2		
82	4	3		
82	3	4		
82	2	5		
82	1	6		
81	100	1		
81	99	2		
81	98	3		
81	97	4		
81	96	5		
81	94	1		
81	93	2		
81	92	3		
81	90	1		
81	89	2		
81	83	1		
81	81	1		
81	79	1		
81	77	1		
81	74	1		
81	72	1		
81	71	2		
81	70	3		
81	69	4		
81	67	1		
81	66	2		
81	63	1		
81	62	2		
81	60	1		
81	59	2		
81	58	3		
81	56	1		
81	54	1		
81	51	1		
81	50	2		
81	49	3		
81	48	4		
81	47	5		
81	45	1		
81	43	1		
81	40	1		
81	39	2		
81	38	3		
81	37	4		
81	36	5		
81	35	6		
81	34	7		
81	30	1		
81	29	2		
81	28	3		
81	27	4		
81	24	1		
81	23	2		
81	22	3		
81	21	4		
81	20	5		
81	16	1		
81	15	2		
81	12	1		
81	11	2		
81	10	3		
81	8	1		
81	6	1		
81	5	2		
81	2	1		
81	1	2		
80	98	1		
80	97	2		
80	95	1		
80	93	1		
80	92	2		
80	91	3		
80	90	4		
80	88	1		
80	86	1		
80	85	2		
80	84	3		
80	83	4		
80	79	1		
80	78	2		
80	76	1		
80	75	2		
80	74	3		
80	73	4		
80	72	5		
80	71	6		
80	70	7		
80	69	8		
80	68	9		
80	67	10		
80	65	1		
80	64	2		
80	63	3		
80	62	4		
80	58	1		
80	57	2		
80	56	3		
80	55	4		
80	51	1		
80	47	1		
80	46	2		
80	45	3		
80	43	1		
80	42	2		
80	38	1		
80	35	1		
80	34	2		
80	33	3		
80	32	4		
80	28	1		
80	27	2		
80	24	1		
80	22	1		
80	21	2		
80	18	1		
80	16	1		
80	14	1		
80	13	2		
80	12	3		
80	11	4		
80	10	5		
80	8	1		
80	6	1		
80	5	2		
80	4	3		
80	1	1		
79	98	1		
79	97	2		
79	96	3		
79	95	4		
79	93	1		
79	92	2		
79	91	3		
79	89	1		
79	88	2		
79	87	3		
79	86	4		
79	85	5		
79	83	1		
79	82	2		
79	80	1		
79	79	2		
79	78	3		
79	77	4		
79	75	1		
79	73	1		
79	72	2		
79	71	3		
79	68	1		
79	66	1		
79	65	2		
79	63	1		
79	61	1		
79	60	2		
79	59	3		
79	58	4		
79	56	1		
79	55	2		
79	54	3		
79	53	4		
79	52	5		
79	51	6		
79	50	7		
79	49	8		
79	48	9		
79	46	1		
79	45	2		
79	44	3		
79	42	1		
79	39	1		
79	38	2		
79	37	3		
79	35	1		
79	32	1		
79	31	2		
79	30	3		
79	29	4		
79	28	5		
79	27	6		
79	26	7		
79	25	8		
79	23	1		
79	22	2		
79	21	3		
79	17	1		
79	16	2		
79	15	3		
79	14	4		
79	12	1		
79	11	2		
79	10	3		
79	9	4		
79	8	5		
79	7	6		
79	5	1		
79	3	1		
79	2	2		
79	1	3		
78	100	1		
78	97	1		
78	96	2		
78	95	3		
78	92	1		
78	91	2		
78	90	3		
78	89	4		
78	88	5		
78	86	1		
78	84	1		
78	83	2		
78	82	3		
78	78	1		
78	77	2		
78	75	1		
78	72	1		
78	71	2		
78	70	3		
78	68	1		
78	66	1		
78	64	1		
78	63	2		
78	62	3		
78	61	4		
78	59	1		
78	58	2		
78	56	1		
78	55	2		
78	54	3		
78	49	1		
78	48	2		
78	45	1		
78	44	2		
78	40	1		
78	39	2		
78	38	3		
78	36	1		
78	35	2		
78	28	1		
78	26	1		
78	25	2		
78	22	1		
78	20	1		
78	19	2		
78	18	3		
78	15	1		
78	14	2		
78	13	3		
78	12	4		
78	11	5		
78	9	1		
78	8	2		
78	3	1		
78	1	1		
77	100	1		
77	98	1		
77	97	2		
77	92	1		
77	90	1		
77	89	2		
77	88	3		
77	87	4		
77	84	1		
77	83	2		
77	81	1		
77	80	2		
77	79	3		
77	76	1		
77	75	2		
77	74	3		
77	72	1		
77	71	2		
77	70	3		
77	68	1		
77	67	2		
77	65	1		
77	63	1		
77	61	1		
77	60	2		
77	56	1		
77	54	1		
77	53	2		
77	51	1		
77	50	2		
77	49	3		
77	48	4		
77	47	5		
77	46	6		
77	45	7		
77	44	8		
77	43	9		
77	42	10		
77	41	11		
77	38	1		
77	34	1		
77	33	2		
77	29	1		
77	28	2		
77	26	1		
77	24	1		
77	23	2		
77	22	3		
77	21	4		
77	19	1		
77	18	2		
77	17	3		
77	15	1		
77	14	2		
77	13	3		
77	12	4		
77	9	1		
77	8	2		
77	6	1		
77	4	1		
77	3	2		
77	1	1		
76	100	1		
76	99	2		
76	98	3		
76	94	1		
76	93	2		
76	92	3		
76	91	4		
76	85	1		
76	82	1		
76	78	1		
76	75	1		
76	73	1		
76	72	2		
76	71	3		
76	69	1		
76	64	1		
76	63	2		
76	61	1		
76	60	2		
76	59	3		
76	56	1		
76	54	1		
76	53	2		
76	51	1		
76	50	2		
76	48	1		
76	47	2		
76	46	3		
76	44	1		
76	43	2		
76	42	3		
76	41	4		
76	40	5		
76	38	1		
76	37	2		
76	35	1		
76	34	2		
76	33	3		
76	32	4		
76	28	1		
76	27	2		
76	26	3		
76	25	4		
76	24	5		
76	22	1		
76	19	1		
76	17	1		
76	16	2		
76	15	3		
76	13	1		
76	12	2		
76	11	3		
76	10	4		
76	6	1		
76	5	2		
76	4	3		
76	2	1		
75	100	1		
75	99	2		
75	98	3		
75	97	4		
75	96	5		
75	95	6		
75	92	1		
75	90	1		
75	88	1		
75	87	2		
75	86	3		
75	85	4		
75	82	1		
75	81	2		
75	80	3		
75	77	1		
75	73	1		
75	72	2		
75	70	1		
75	65	1		
75	60	1		
75	59	2		
75	57	1		
75	53	1		
75	52	2		
75	50	1		
75	47	1		
75	45	1		
75	44	2		
75	40	1		
75	38	1		
75	36	1		
75	34	1		
75	33	2		
75	32	3		
75	31	4		
75	30	5		
75	29	6		
75	26	1		
75	25	2		
75	18	1		
75	17	2		
75	14	1		
75	13	2		
75	11	1		
75	10	2		
75	8	1		
75	6	1		
75	3	1		
75	2	2		
74	100	1		
74	98	1		
74	97	2		
74	93	1		
74	92	2		
74	91	3		
74	90	4		
74	86	1		
74	85	2		
74	84	3		
74	83	4		
74	82	5		
74	78	1		
74	76	1		
74	75	2		
74	73	1		
74	71	1		
74	70	2		
74	68	1		
74	66	1		
74	65	2		
74	64	3		
74	62	1		
74	61	2		
74	58	1		
74	56	1		
74	55	2		
74	54	3		
74	53	4		
74	52	5		
74	51	6		
74	47	1		
74	43	1		
74	42	2		
74	41	3		
74	39	1		
74	38	2		
74	36	1		
74	35	2		
74	34	3		
74	32	1		
74	31	2		
74	30	3		
74	29	4		
74	26	1		
74	25	2		
74	24	3		
74	22	1		
74	20	1		
74	18	1		
74	17	2		
74	16	3		
74	15	4		
74	14	5		
74	13	6		
74	11	1		
74	9	1		
74	8	2		
74	5	1		
74	4	2		
74	1	1		
73	96	1		
73	94	1		
73	91	1		
73	90	2		
73	89	3		
73	87	1		
73	85	1		
73	84	2		
73	83	3		
73	81	1		
73	78	1		
73	77	2		
73	76	3		
73	74	1		
73	71	1		
73	70	2		
73	69	3		
73	68	4		
73	66	1		
73	64	1		
73	63	2		
73	61	1		
73	60	2		
73	59	3		
73	57	1		
73	53	1		
73	50	1		
73	46	1		
73	44	1		
73	43	2		
73	39	1		
73	38	2		
73	37	3		
73	36	4		
73	35	5		
73	34	6		
73	33	7		
73	32	8		
73	31	9		
73	28	1		
73	27	2		
73	26	3		
73	25	4		
73	24	5		
73	23	6		
73	22	7		
73	21	8		
73	20	9		
73	16	1		
73	13	1		
73	12	2		
73	11	3		
73	10	4		
73	8	1		
73	7	2		
73	5	1		
73	4	2		
73	2	1		
72	100	1		
72	99	2		
72	98	3		
72	97	4		
72	96	5		
72	95	6		
72	94	7		
72	93	8		
72	91	1		
72	90	2		
72	89	3		
72	88	4		
72	86	1		
72	85	2		
72	84	3		
72	82	1		
72	81	2		
72	80	3		
72	79	4		
72	76	1		
72	75	2		
72	73	1		
72	72	2		
72	69	1		
72	67	1		
72	66	2		
72	64	1		
72	63	2		
72	61	1		
72	58	1		
72	57	2		
72	56	3		
72	55	4		
72	52	1		
72	50	1		
72	49	2		
72	48	3		
72	47	4		
72	45	1		
72	44	2		
72	43	3		
72	42	4		
72	41	5		
72	39	1		
72	38	2		
72	37	3		
72	35	1		
72	34	2		
72	32	1		
72	31	2		
72	30	3		
72	29	4		
72	28	5		
72	27	6		
72	26	7		
72	25	8		
72	24	9		
72	23	10		
72	21	1		
72	20	2		
72	16	1		
72	15	2		
72	14	3		
72	13	4		
72	11	1		
72	10	2		
72	9	3		
72	6	1		
72	4	1		
72	3	2		
72	1	1		
71	100	1		
71	98	1		
71	96	1		
71	95	2		
71	94	3		
71	93	4		
71	92	5		
71	88	1		
71	87	2		
71	86	3		
71	83	1		
71	82	2		
71	80	1		
71	79	2		
71	78	3		
71	77	4		
71	73	1		
71	72	2		
71	71	3		
71	69	1		
71	68	2		
71	67	3		
71	66	4		
71	65	5		
71	63	1		
71	61	1		
71	56	1		
71	55	2		
71	53	1		
71	47	1		
71	46	2		
71	45	3		
71	41	1		
71	38	1		
71	36	1		
71	34	1		
71	33	2		
71	32	3		
71	29	1		
71	28	2		
71	27	3		
71	26	4		
71	24	1		
71	22	1		
71	21	2		
71	20	3		
71	17	1		
71	16	2		
71	13	1		
71	12	2		
71	10	1		
71	8	1		
71	7	2		
71	5	1		
71	4	2		
71	3	3		
71	2	4		
70	99	1		
70	98	2		
70	92	1		
70	91	2		
70	87	1		
70	85	1		
70	84	2		
70	82	1		
70	80	1		
70	79	2		
70	75	1		
70	73	1		
70	72	2		
70	71	3		
70	70	4		
70	68	1		
70	67	2		
70	66	3		
70	65	4		
70	64	5		
70	59	1		
70	57	1		
70	56	2		
70	55	3		
70	54	4		
70	51	1		
70	50	2		
70	48	1		
70	47	2		
70	46	3		
70	45	4		
70	44	5		
70	41	1		
70	39	1		
70	38	2		
70	37	3		
70	36	4		
70	34	1		
70	33	2		
70	30	1		
70	29	2		
70	28	3		
70	27	4		
70	26	5		
70	22	1		
70	20	1		
70	19	2		
70	18	3		
70	17	4		
70	13	1		
70	12	2		
70	11	3		
70	10	4		
70	7	1		
70	6	2		
70	5	3		
70	4	4		
70	2	1		
70	1	2		
69	98	1		
69	96	1		
69	95	2		
69	90	1		
69	89	2		
69	88	3		
69	85	1		
69	84	2		
69	82	1		
69	81	2		
69	78	1		
69	77	2		
69	76	3		
69	75	4		
69	73	1		
69	72	2		
69	70	1		
69	68	1		
69	67	2		
69	63	1		
69	62	2		
69	60	1		
69	58	1		
69	57	2		
69	56	3		
69	55	4		
69	54	5		
69	51	1		
69	50	2		
69	48	1		
69	43	1		
69	41	1		
69	39	1		
69	37	1		
69	36	2		
69	35	3		
69	33	1		
69	32	2		
69	31	3		
69	29	1		
69	27	1		
69	25	1		
69	24	2		
69	22	1		
69	20	1		
69	17	1		
69	16	2		
69	15	3		
69	14	4		
69	13	5		
69	12	6		
69	11	7		
69	10	8		
69	8	1		
69	7	2		
69	4	1		
69	3	2		
69	2	3		
69	1	4		
68	100	1		
68	98	1		
68	97	2		
68	94	1		
68	93	2		
68	92	3		
68	90	1		
68	89	2		
68	87	1		
68	86	2		
68	81	1		
68	79	1		
68	75	1		
68	74	2		
68	70	1		
68	67	1		
68	64	1		
68	61	1		
68	60	2		
68	59	3		
68	56	1		
68	55	2		
68	52	1		
68	51	2		
68	50	3		
68	49	4		
68	48	5		
68	46	1		
68	44	1		
68	43	2		
68	42	3		
68	41	4		
68	40	5		
68	39	6		
68	38	7		
68	37	8		
68	36	9		
68	34	1		
68	33	2		
68	32	3		
68	31	4		
68	28	1		
68	27	2		
68	26	3		
68	24	1		
68	20	1		
68	19	2		
68	18	3		
68	17	4		
68	16	5		
68	15	6		
68	12	1		
68	10	1		
68	9	2		
68	8	3		
68	7	4		
68	4	1		
68	3	2		
68	2	3		
67	98	1		
67	97	2		
67	95	1		
67	94	2		
67	92	1		
67	89	1		
67	86	1		
67	85	2		
67	84	3		
67	83	4		
67	81	1		
67	80	2		
67	79	3		
67	77	1		
67	76	2		
67	73	1		
67	72	2		
67	71	3		
67	70	4		
67	67	1		
67	66	2		
67	65	3		
67	64	4		
67	63	5		
67	60	1		
67	59	2		
67	58	3		
67	57	4		
67	53	1		
67	52	2		
67	48	1		
67	47	2		
67	46	3		
67	45	4		
67	43	1		
67	42	2		
67	41	3		
67	40	4		
67	39	5		
67	37	1		
67	36	2		
67	35	3		
67	32	1		
67	31	2		
67	30	3		
67	29	4		
67	27	1		
67	26	2		
67	25	3		
67	24	4		
67	23	5		
67	22	6		
67	21	7		
67	20	8		
67	18	1		
67	15	1		
67	14	2		
67	13	3		
67	12	4		
67	10	1		
67	9	2		
67	8	3		
67	7	4		
67	5	1		
67	4	2		
67	3	3		
67	2	4		
66	98	1		
66	97	2		
66	94	1		
66	93	2		
66	92	3		
66	91	4		
66	90	5		
66	87	1		
66	86	2		
66	83	1		
66	82	2		
66	81	3		
66	80	4		
66	79	5		
66	77	1		
66	74	1		
66	73	2		
66	71	1		
66	69	1		
66	68	2		
66	66	1		
66	65	2		
66	64	3		
66	63	4		
66	61	1		
66	57	1		
66	55	1		
66	54	2		
66	52	1		
66	50	1		
66	49	2		
66	47	1		
66	43	1		
66	42	2		
66	39	1		
66	38	2		
66	37	3		
66	36	4		
66	35	5		
66	34	6		
66	33	7		
66	32	8		
66	29	1		
66	28	2		
66	26	1		
66	25	2		
66	21	1		
66	20	2		
66	19	3		
66	17	1		
66	16	2		
66	14	1		
66	13	2		
66	9	1		
66	8	2		
66	7	3		
66	3	1		
66	2	2		
66	1	3		
65	96	1		
65	94	1		
65	93	2		
65	90	1		
65	87	1		
65	86	2		
65	85	3		
65	83	1		
65	82	2		
65	81	3		
65	79	1		
65	75	1		
65	72	1		
65	70	1		
65	69	2		
65	67	1		
65	66	2		
65	65	3		
65	64	4		
65	63	5		
65	62	6		
65	61	7		
65	57	1		
65	56	2		
65	55	3		
65	54	4		
65	53	5		
65	52	6		
65	51	7		
65	49	1		
65	48	2		
65	46	1		
65	40	1		
65	39	2		
65	38	3		
65	37	4		
65	36	5		
65	35	6		
65	33	1		
65	32	2		
65	31	3		
65	30	4		
65	28	1		
65	26	1		
65	25	2		
65	23	1		
65	21	1		
65	19	1		
65	15	1		
65	13	1		
65	12	2		
65	11	3		
65	8	1		
65	7	2		
65	4	1		
65	3	2		
65	2	3		
65	1	4		
64	100	1		
64	94	1		
64	93	2		
64	92	3		
64	88	1		
64	87	2		
64	85	1		
64	84	2		
64	82	1		
64	81	2		
64	79	1		
64	78	2		
64	77	3		
64	76	4		
64	74	1		
64	73	2		
64	72	3		
64	70	1		
64	69	2		
64	67	1		
64	66	2		
64	65	3		
64	64	4		
64	63	5		
64	60	1		
64	58	1		
64	57	2		
64	56	3		
64	54	1		
64	53	2		
64	51	1		
64	50	2		
64	49	3		
64	48	4		
64	47	5		
64	46	6		
64	45	7		
64	44	8		
64	43	9		
64	42	10		
64	41	11		
64	39	1		
64	35	1		
64	34	2		
64	27	1		
64	26	2		
64	25	3		
64	24	4		
64	23	5		
64	19	1		
64	18	2		
64	16	1		
64	9	1		
64	8	2		
64	7	3		
64	6	4		
64	5	5		
64	4	6		
64	3	7		
63	99	1		
63	98	2		
63	96	1		
63	95	2		
63	94	3		
63	93	4		
63	92	5		
63	91	6		
63	88	1		
63	87	2		
63	86	3		
63	85	4		
63	83	1		
63	82	2		
63	81	3		
63	77	1		
63	74	1		
63	73	2		
63	71	1		
63	68	1		
63	67	2		
63	66	3		
63	64	1		
63	63	2		
63	61	1		
63	59	1		
63	58	2		
63	57	3		
63	55	1		
63	53	1		
63	51	1		
63	50	2		
63	49	3		
63	47	1		
63	46	2		
63	45	3		
63	44	4		
63	43	5		
63	42	6		
63	41	7		
63	40	8		
63	39	9		
63	37	1		
63	36	2		
63	35	3		
63	34	4		
63	29	1		
63	27	1		
63	26	2		
63	25	3		
63	24	4		
63	22	1		
63	20	1		
63	19	2		
63	18	3		
63	17	4		
63	16	5		
63	15	6		
63	14	7		
63	13	8		
63	12	9		
63	11	10		
63	9	1		
63	8	2		
63	7	3		
63	4	1		
63	2	1		
63	1	2		
62	100	1		
62	99	2		
62	97	1		
62	96	2		
62	93	1		
62	92	2		
62	91	3		
62	90	4		
62	88	1		
62	86	1		
62	85	2		
62	83	1		
62	82	2		
62	80	1		
62	79	2		
62	78	3		
62	77	4		
62	76	5		
62	75	6		
62	74	7		
62	73	8		
62	70	1		
62	68	1		
62	66	1		
62	65	2		
62	62	1		
62	60	1		
62	58	1		
62	56	1		
62	55	2		
62	53	1		
62	52	2		
62	51	3		
62	48	1		
62	46	1		
62	44	1		
62	43	2		
62	42	3		
62	41	4		
62	38	1		
62	35	1		
62	33	1		
62	29	1		
62	27	1		
62	26	2		
62	25	3		
62	23	1		
62	20	1		
62	19	2		
62	17	1		
62	15	1		
62	13	1		
62	11	1		
62	10	2		
62	9	3		
62	8	4		
62	7	5		
62	5	1		
62	4	2		
62	3	3		
62	2	4		
61	100	1		
61	98	1		
61	97	2		
61	96	3		
61	94	1		
61	90	1		
61	88	1		
61	87	2		
61	86	3		
61	85	4		
61	80	1		
61	74	1		
61	73	2		
61	72	3		
61	71	4		
61	70	5		
61	68	1		
61	67	2		
61	66	3		
61	64	1		
61	63	2		
61	62	3		
61	61	4		
61	59	1		
61	57	1		
61	56	2		
61	55	3		
61	54	4		
61	53	5		
61	49	1		
61	48	2		
61	47	3		
61	45	1		
61	43	1		
61	40	1		
61	38	1		
61	37	2		
61	36	3		
61	33	1		
61	30	1		
61	29	2		
61	28	3		
61	27	4		
61	26	5		
61	24	1		
61	23	2		
61	21	1		
61	20	2		
61	19	3		
61	18	4		
61	16	1		
61	14	1		
61	8	1		
61	7	2		
61	6	3		
61	5	4		
61	4	5		
61	3	6		
61	2	7		
61	1	8		
60	99	1		
60	97	1		
60	96	2		
60	95	3		
60	92	1		
60	90	1		
60	88	1		
60	85	1		
60	84	2		
60	83	3		
60	82	4		
60	81	5		
60	80	6		
60	79	7		
60	78	8		
60	77	9		
60	73	1		
60	72	2		
60	71	3		
60	70	4		
60	67	1		
60	66	2		
60	65	3		
60	64	4		
60	62	1		
60	60	1		
60	57	1		
60	55	1		
60	52	1		
60	46	1		
60	42	1		
60	41	2		
60	40	3		
60	37	1		
60	35	1		
60	34	2		
60	33	3		
60	32	4		
60	29	1		
60	28	2		
60	25	1		
60	24	2		
60	22	1		
60	19	1		
60	17	1		
60	14	1		
60	12	1		
60	10	1		
60	9	2		
60	8	3		
60	7	4		
60	6	5		
60	5	6		
60	4	7		
60	1	1		
59	100	1		
59	98	1		
59	97	2		
59	94	1		
59	93	2		
59	92	3		
59	91	4		
59	90	5		
59	89	6		
59	86	1		
59	84	1		
59	83	2		
59	81	1		
59	80	2		
59	77	1		
59	76	2		
59	74	1		
59	72	1		
59	70	1		
59	69	2		
59	67	1		
59	66	2		
59	65	3		
59	64	4		
59	62	1		
59	61	2		
59	60	3		
59	58	1		
59	57	2		
59	55	1		
59	53	1		
59	52	2		
59	51	3		
59	50	4		
59	49	5		
59	47	1		
59	46	2		
59	45	3		
59	44	4		
59	43	5		
59	42	6		
59	40	1		
59	39	2		
59	38	3		
59	37	4		
59	33	1		
59	32	2		
59	31	3		
59	30	4		
59	29	5		
59	27	1		
59	26	2		
59	23	1		
59	19	1		
59	17	1		
59	14	1		
59	13	2		
59	12	3		
59	10	1		
59	9	2		
59	8	3		
59	7	4		
59	4	1		
59	3	2		
59	2	3		
59	1	4		
58	100	1		
58	98	1		
58	95	1		
58	94	2		
58	93	3		
58	91	1		
58	90	2		
58	86	1		
58	78	1		
58	76	1		
58	75	2		
58	74	3		
58	73	4		
58	71	1		
58	67	1		
58	65	1		
58	64	2		
58	63	3		
58	62	4		
58	61	5		
58	60	6		
58	59	7		
58	58	8		
58	56	1		
58	51	1		
58	50	2		
58	49	3		
58	48	4		
58	46	1		
58	41	1		
58	40	2		
58	39	3		
58	38	4		
58	37	5		
58	36	6		
58	34	1		
58	32	1		
58	30	1		
58	28	1		
58	26	1		
58	24	1		
58	23	2		
58	22	3		
58	20	1		
58	18	1		
58	16	1		
58	15	2		
58	14	3		
58	13	4		
58	9	1		
58	8	2		
58	6	1		
58	5	2		
58	1	1		
57	100	1		
57	97	1		
57	96	2		
57	94	1		
57	93	2		
57	92	3		
57	91	4		
57	89	1		
57	88	2		
57	87	3		
57	86	4		
57	85	5		
57	81	1		
57	80	2		
57	79	3		
57	78	4		
57	77	5		
57	76	6		
57	74	1		
57	72	1		
57	70	1		
57	68	1		
57	66	1		
57	65	2		
57	64	3		
57	62	1		
57	59	1		
57	58	2		
57	53	1		
57	52	2		
57	50	1		
57	49	2		
57	47	1		
57	46	2		
57	45	3		
57	44	4		
57	42	1		
57	41	2		
57	37	1		
57	36	2		
57	33	1		
57	32	2		
57	28	1		
57	26	1		
57	25	2		
57	24	3		
57	23	4		
57	22	5		
57	21	6		
57	20	7		
57	19	8		
57	18	9		
57	16	1		
57	14	1		
57	10	1		
57	8	1		
57	2	1		
57	1	2		
56	100	1		
56	99	2		
56	98	3		
56	97	4		
56	94	1		
56	93	2		
56	90	1		
56	89	2		
56	87	1		
56	85	1		
56	84	2		
56	83	3		
56	82	4		
56	81	5		
56	80	6		
56	78	1		
56	76	1		
56	73	1		
56	72	2		
56	71	3		
56	69	1		
56	64	1		
56	61	1		
56	57	1		
56	54	1		
56	53	2		
56	52	3		
56	50	1		
56	49	2		
56	48	3		
56	47	4		
56	46	5		
56	43	1		
56	42	2		
56	41	3		
56	40	4		
56	39	5		
56	38	6		
56	34	1		
56	33	2		
56	32	3		
56	31	4		
56	27	1		
56	26	2		
56	25	3		
56	22	1		
56	20	1		
56	19	2		
56	16	1		
56	15	2		
56	13	1		
56	11	1		
56	9	1		
56	8	2		
56	5	1		
56	3	1		
56	2	2		
55	100	1		
55	99	2		
55	98	3		
55	97	4		
55	95	1		
55	94	2		
55	90	1		
55	89	2		
55	87	1		
55	85	1		
55	84	2		
55	82	1		
55	81	2		
55	80	3		
55	78	1		
55	77	2		
55	75	1		
55	74	2		
55	73	3		
55	70	1		
55	67	1		
55	66	2		
55	64	1		
55	61	1		
55	58	1		
55	57	2		
55	56	3		
55	54	1		
55	53	2		
55	52	3		
55	49	1		
55	48	2		
55	47	3		
55	42	1		
55	39	1		
55	38	2		
55	37	3		
55	36	4		
55	35	5		
55	34	6		
55	33	7		
55	32	8		
55	29	1		
55	28	2		
55	20	1		
55	18	1		
55	17	2		
55	15	1		
55	14	2		
55	13	3		
55	12	4		
55	10	1		
55	9	2		
55	8	3		
55	7	4		
55	5	1		
55	4	2		
55	3	3		
55	2	4		
54	99	1		
54	97	1		
54	96	2		
54	95	3		
54	94	4		
54	91	1		
54	90	2		
54	87	1		
54	86	2		
54	83	1		
54	81	1		
54	80	2		
54	79	3		
54	78	4		
54	77	5		
54	76	6		
54	74	1		
54	72	1		
54	71	2		
54	70	3		
54	69	4		
54	68	5		
54	65	1		
54	64	2		
54	60	1		
54	59	2		
54	53	1		
54	52	2		
54	50	1		
54	48	1		
54	47	2		
54	44	1		
54	43	2		
54	41	1		
54	39	1		
54	38	2		
54	37	3		
54	36	4		
54	35	5		
54	33	1		
54	32	2		
54	31	3		
54	29	1		
54	26	1		
54	25	2		
54	24	3		
54	21	1		
54	20	2		
54	19	3		
54	18	4		
54	16	1		
54	15	2		
54	14	3		
54	13	4		
54	12	5		
54	11	6		
54	9	1		
54	7	1		
54	5	1		
54	4	2		
54	3	3		
54	2	4		
53	100	1		
53	95	1		
53	94	2		
53	90	1		
53	89	2		
53	88	3		
53	87	4		
53	86	5		
53	84	1		
53	83	2		
53	81	1		
53	80	2		
53	79	3		
53	77	1		
53	75	1		
53	74	2		
53	69	1		
53	68	2		
53	67	3		
53	64	1		
53	60	1		
53	59	2		
53	58	3		
53	56	1		
53	55	2		
53	54	3		
53	53	4		
53	52	5		
53	51	6		
53	49	1		
53	48	2		
53	47	3		
53	46	4		
53	43	1		
53	39	1		
53	38	2		
53	37	3		
53	36	4		
53	35	5		
53	34	6		
53	33	7		
53	31	1		
53	28	1		
53	27	2		
53	26	3		
53	25	4		
53	24	5		
53	23	6		
53	21	1		
53	20	2		
53	19	3		
53	18	4		
53	17	5		
53	16	6		
53	15	7		
53	14	8		
53	13	9		
53	12	10		
53	11	11		
53	9	1		
53	8	2		
53	7	3		
53	6	4		
53	5	5		
53	4	6		
53	3	7		
52	99	1		
52	98	2		
52	97	3		
52	95	1		
52	94	2		
52	93	3		
52	92	4		
52	87	1		
52	86	2		
52	85	3		
52	84	4		
52	83	5		
52	82	6		
52	81	7		
52	78	1		
52	77	2		
52	76	3		
52	75	4		
52	73	1		
52	69	1		
52	68	2		
52	67	3		
52	65	1		
52	60	1		
52	59	2		
52	56	1		
52	53	1		
52	52	2		
52	51	3		
52	50	4		
52	49	5		
52	43	1		
52	41	1		
52	40	2		
52	31	1		
52	30	2		
52	29	3		
52	28	4		
52	27	5		
52	25	1		
52	24	2		
52	23	3		
52	21	1		
52	20	2		
52	19	3		
52	17	1		
52	15	1		
52	14	2		
52	13	3		
52	10	1		
52	7	1		
52	6	2		
52	5	3		
52	4	4		
52	3	5		
51	99	1		
51	97	1		
51	94	1		
51	93	2		
51	92	3		
51	91	4		
51	86	1		
51	84	1		
51	83	2		
51	82	3		
51	79	1		
51	78	2		
51	76	1		
51	71	1		
51	70	2		
51	69	3		
51	68	4		
51	67	5		
51	66	6		
51	63	1		
51	60	1		
51	58	1		
51	57	2		
51	56	3		
51	54	1		
51	53	2		
51	52	3		
51	50	1		
51	46	1		
51	45	2		
51	42	1		
51	41	2		
51	38	1		
51	37	2		
51	35	1		
51	34	2		
51	33	3		
51	32	4		
51	28	1		
51	26	1		
51	25	2		
51	22	1		
51	21	2		
51	20	3		
51	19	4		
51	18	5		
51	17	6		
51	16	7		
51	15	8		
51	12	1		
51	10	1		
51	9	2		
51	6	1		
51	3	1		
51	2	2		
51	1	3		
50	99	1		
50	98	2		
50	97	3		
50	96	4		
50	95	5		
50	93	1		
50	92	2		
50	85	1		
50	84	2		
50	82	1		
50	80	1		
50	79	2		
50	78	3		
50	76	1		
50	74	1		
50	72	1		
50	68	1		
50	67	2		
50	66	3		
50	64	1		
50	63	2		
50	62	3		
50	61	4		
50	58	1		
50	57	2		
50	54	1		
50	53	2		
50	52	3		
50	51	4		
50	50	5		
50	49	6		
50	48	7		
50	45	1		
50	44	2		
50	42	1		
50	41	2		
50	40	3		
50	34	1		
50	33	2		
50	32	3		
50	31	4		
50	30	5		
50	25	1		
50	23	1		
50	22	2		
50	18	1		
50	14	1		
50	13	2		
50	10	1		
50	9	2		
50	8	3		
50	7	4		
50	5	1		
50	3	1		
50	2	2		
49	99	1		
49	98	2		
49	95	1		
49	89	1		
49	88	2		
49	86	1		
49	85	2		
49	84	3		
49	83	4		
49	82	5		
49	81	6		
49	80	7		
49	79	8		
49	78	9		
49	77	10		
49	76	11		
49	74	1		
49	73	2		
49	72	3		
49	70	1		
49	68	1		
49	65	1		
49	64	2		
49	63	3		
49	61	1		
49	59	1		
49	58	2		
49	56	1		
49	54	1		
49	53	2		
49	51	1		
49	50	2		
49	48	1		
49	46	1		
49	45	2		
49	41	1		
49	40	2		
49	39	3		
49	35	1		
49	34	2		
49	32	1		
49	30	1		
49	28	1		
49	25	1		
49	24	2		
49	22	1		
49	21	2		
49	20	3		
49	19	4		
49	18	5		
49	15	1		
49	12	1		
49	11	2		
49	9	1		
49	8	2		
49	7	3		
49	6	4		
49	5	5		
49	4	6		
49	2	1		
49	1	2		
48	98	1		
48	97	2		
48	96	3		
48	95	4		
48	94	5		
48	92	1		
48	91	2		
48	89	1		
48	85	1		
48	84	2		
48	83	3		
48	82	4		
48	81	5		
48	80	6		
48	79	7		
48	75	1		
48	73	1		
48	72	2		
48	71	3		
48	68	1		
48	67	2		
48	65	1		
48	64	2		
48	63	3		
48	61	1		
48	60	2		
48	59	3		
48	57	1		
48	55	1		
48	52	1		
48	51	2		
48	49	1		
48	46	1		
48	45	2		
48	44	3		
48	42	1		
48	41	2		
48	40	3		
48	38	1		
48	36	1		
48	34	1		
48	32	1		
48	31	2		
48	29	1		
48	28	2		
48	25	1		
48	24	2		
48	23	3		
48	22	4		
48	21	5		
48	20	6		
48	17	1		
48	14	1		
48	13	2		
48	12	3		
48	10	1		
48	9	2		
48	8	3		
48	6	1		
48	5	2		
48	4	3		
48	3	4		
48	2	5		
47	100	1		
47	99	2		
47	98	3		
47	96	1		
47	95	2		
47	94	3		
47	93	4		
47	92	5		
47	88	1		
47	85	1		
47	84	2		
47	82	1		
47	81	2		
47	80	3		
47	79	4		
47	77	1		
47	76	2		
47	74	1		
47	73	2		
47	70	1		
47	69	2		
47	68	3		
47	67	4		
47	66	5		
47	62	1		
47	61	2		
47	60	3		
47	59	4		
47	57	1		
47	56	2		
47	55	3		
47	52	1		
47	50	1		
47	47	1		
47	46	2		
47	44	1		
47	43	2		
47	42	3		
47	41	4		
47	40	5		
47	39	6		
47	38	7		
47	36	1		
47	35	2		
47	34	3		
47	32	1		
47	29	1		
47	28	2		
47	25	1		
47	24	2		
47	23	3		
47	22	4		
47	21	5		
47	20	6		
47	19	7		
47	17	1		
47	15	1		
47	13	1		
47	12	2		
47	11	3		
47	10	4		
47	9	5		
47	8	6		
47	6	1		
47	4	1		
47	2	1		
46	100	1		
46	99	2		
46	97	1		
46	95	1		
46	94	2		
46	92	1		
46	91	2		
46	90	3		
46	87	1		
46	86	2		
46	85	3		
46	84	4		
46	82	1		
46	81	2		
46	80	3		
46	79	4		
46	75	1		
46	74	2		
46	72	1		
46	69	1		
46	66	1		
46	65	2		
46	63	1		
46	62	2		
46	61	3		
46	60	4		
46	59	5		
46	57	1		
46	56	2		
46	55	3		
46	54	4		
46	51	1		
46	50	2		
46	48	1		
46	47	2		
46	45	1		
46	44	2		
46	43	3		
46	42	4		
46	41	5		
46	40	6		
46	39	7		
46	32	1		
46	30	1		
46	28	1		
46	27	2		
46	24	1		
46	23	2		
46	20	1		
46	19	2		
46	16	1		
46	15	2		
46	14	3		
46	13	4		
46	12	5		
46	11	6		
46	6	1		
46	5	2		
46	1	1		
45	99	1		
45	98	2		
45	97	3		
45	95	1		
45	94	2		
45	92	1		
45	90	1		
45	89	2		
45	86	1		
45	85	2		
45	83	1		
45	81	1		
45	79	1		
45	77	1		
45	76	2		
45	73	1		
45	69	1		
45	62	1		
45	61	2		
45	60	3		
45	57	1		
45	55	1		
45	54	2		
45	52	1		
45	51	2		
45	50	3		
45	49	4		
45	48	5		
45	47	6		
45	45	1		
45	42	1		
45	38	1		
45	37	2		
45	36	3		
45	33	1		
45	31	1		
45	30	2		
45	29	3		
45	27	1		
45	25	1		
45	24	2		
45	21	1		
45	20	2		
45	18	1		
45	17	2		
45	15	1		
45	14	2		
45	13	3		
45	12	4		
45	9	1		
45	7	1		
45	4	1		
44	99	1		
44	98	2		
44	97	3		
44	94	1		
44	92	1		
44	89	1		
44	87	1		
44	86	2		
44	85	3		
44	84	4		
44	83	5		
44	79	1		
44	78	2		
44	77	3		
44	74	1		
44	73	2		
44	71	1		
44	70	2		
44	68	1		
44	64	1		
44	62	1		
44	61	2		
44	60	3		
44	58	1		
44	56	1		
44	55	2		
44	54	3		
44	53	4		
44	52	5		
44	51	6		
44	49	1		
44	48	2		
44	46	1		
44	45	2		
44	43	1		
44	42	2		
44	41	3		
44	39	1		
44	38	2		
44	35	1		
44	34	2		
44	32	1		
44	29	1		
44	26	1		
44	25	2		
44	23	1		
44	21	1		
44	20	2		
44	19	3		
44	16	1		
44	15	2		
44	13	1		
44	10	1		
44	9	2		
44	7	1		
44	5	1		
44	3	1		
44	1	1		
43	100	1		
43	99	2		
43	97	1		
43	96	2		
43	95	3		
43	89	1		
43	88	2		
43	85	1		
43	83	1		
43	78	1		
43	77	2		
43	75	1		
43	73	1		
43	72	2		
43	71	3		
43	69	1		
43	66	1		
43	65	2		
43	64	3		
43	63	4		
43	61	1		
43	60	2		
43	59	3		
43	58	4		
43	57	5		
43	54	1		
43	52	1		
43	49	1		
43	47	1		
43	46	2		
43	44	1		
43	43	2		
43	42	3		
43	41	4		
43	40	5		
43	39	6		
43	36	1		
43	32	1		
43	30	1		
43	29	2		
43	26	1		
43	24	1		
43	22	1		
43	21	2		
43	20	3		
43	19	4		
43	15	1		
43	14	2		
43	13	3		
43	11	1		
43	10	2		
43	9	3		
43	8	4		
43	7	5		
43	5	1		
43	4	2		
43	3	3		
42	100	1		
42	98	1		
42	96	1		
42	95	2		
42	93	1		
42	92	2		
42	89	1		
42	88	2		
42	86	1		
42	85	2		
42	84	3		
42	82	1		
42	81	2		
42	79	1		
42	78	2		
42	77	3		
42	76	4		
42	74	1		
42	72	1		
42	71	2		
42	70	3		
42	69	4		
42	65	1		
42	64	2		
42	62	1		
42	61	2		
42	60	3		
42	58	1		
42	57	2		
42	56	3		
42	55	4		
42	54	5		
42	52	1		
42	51	2		
42	50	3		
42	48	1		
42	46	1		
42	45	2		
42	44	3		
42	43	4		
42	41	1		
42	38	1		
42	35	1		
42	34	2		
42	33	3		
42	31	1		
42	30	2		
42	27	1		
42	25	1		
42	24	2		
42	23	3		
42	20	1		
42	14	1		
42	13	2		
42	11	1		
42	10	2		
42	9	3		
42	8	4		
42	7	5		
42	5	1		
42	2	1		
42	1	2		
41	100	1		
41	99	2		
41	97	1		
41	96	2		
41	95	3		
41	94	4		
41	89	1		
41	88	2		
41	87	3		
41	86	4		
41	85	5		
41	83	1		
41	82	2		
41	81	3		
41	79	1		
41	78	2		
41	76	1		
41	74	1		
41	71	1		
41	67	1		
41	62	1		
41	61	2		
41	56	1		
41	55	2		
41	53	1		
41	52	2		
41	51	3		
41	50	4		
41	49	5		
41	48	6		
41	44	1		
41	43	2		
41	41	1		
41	40	2		
41	39	3		
41	37	1		
41	36	2		
41	34	1		
41	33	2		
41	32	3		
41	31	4		
41	28	1		
41	27	2		
41	26	3		
41	25	4		
41	23	1		
41	22	2		
41	18	1		
41	17	2		
41	16	3		
41	15	4		
41	14	5		
41	11	1		
41	10	2		
41	9	3		
41	8	4		
41	7	5		
41	6	6		
41	4	1		
41	1	1		
40	95	1		
40	94	2		
40	93	3		
40	92	4		
40	88	1		
40	87	2		
40	86	3		
40	85	4		
40	84	5		
40	83	6		
40	82	7		
40	81	8		
40	80	9		
40	78	1		
40	76	1		
40	75	2		
40	73	1		
40	72	2		
40	70	1		
40	67	1		
40	66	2		
40	64	1		
40	63	2		
40	61	1		
40	60	2		
40	58	1		
40	56	1		
40	55	2		
40	54	3		
40	53	4		
40	52	5		
40	49	1		
40	48	2		
40	47	3		
40	45	1		
40	44	2		
40	42	1		
40	39	1		
40	38	2		
40	37	3		
40	36	4		
40	34	1		
40	33	2		
40	31	1		
40	30	2		
40	29	3		
40	27	1		
40	26	2		
40	25	3		
40	24	4		
40	22	1		
40	21	2		
40	19	1		
40	18	2		
40	17	3		
40	15	1		
40	14	2		
40	13	3		
40	11	1		
40	10	2		
40	7	1		
40	4	1		
40	2	1		
40	1	2		
39	100	1		
39	99	2		
39	98	3		
39	97	4		
39	96	5		
39	95	6		
39	94	7		
39	92	1		
39	91	2		
39	89	1		
39	88	2		
39	87	3		
39	85	1		
39	84	2		
39	80	1		
39	78	1		
39	77	2		
39	76	3		
39	74	1		
39	73	2		
39	72	3		
39	70	1		
39	69	2		
39	68	3		
39	67	4		
39	66	5		
39	65	6		
39	63	1		
39	62	2		
39	61	3		
39	60	4		
39	59	5		
39	58	6		
39	55	1		
39	54	2		
39	53	3		
39	51	1		
39	50	2		
39	48	1		
39	47	2		
39	46	3		
39	44	1		
39	43	2		
39	41	1		
39	39	1		
39	38	2		
39	37	3		
39	35	1		
39	34	2		
39	33	3		
39	32	4		
39	31	5		
39	30	6		
39	29	7		
39	27	1		
39	26	2		
39	24	1		
39	22	1		
39	21	2		
39	20	3		
39	19	4		
39	18	5		
39	17	6		
39	16	7		
39	13	1		
39	12	2		
39	10	1		
39	9	2		
39	8	3		
39	6	1		
39	4	1		
39	2	1		
39	1	2		
38	100	1		
38	99	2		
38	98	3		
38	97	4		
38	96	5		
38	94	1		
38	92	1		
38	88	1		
38	87	2		
38	80	1		
38	79	2		
38	78	3		
38	77	4		
38	76	5		
38	75	6		
38	74	7		
38	72	1		
38	71	2		
38	68	1		
38	67	2		
38	63	1		
38	59	1		
38	58	2		
38	57	3		
38	53	1		
38	52	2		
38	50	1		
38	48	1		
38	45	1		
38	44	2		
38	43	3		
38	41	1		
38	40	2		
38	37	1		
38	35	1		
38	34	2		
38	31	1		
38	30	2		
38	28	1		
38	27	2		
38	25	1		
38	24	2		
38	20	1		
38	15	1		
38	13	1		
38	10	1		
38	9	2		
38	8	3		
38	7	4		
38	5	1		
38	4	2		
38	3	3		
37	100	1		
37	99	2		
37	98	3		
37	97	4		
37	96	5		
37	88	1		
37	86	1		
37	84	1		
37	83	2		
37	82	3		
37	80	1		
37	79	2		
37	78	3		
37	74	1		
37	73	2		
37	72	3		
37	70	1		
37	69	2		
37	65	1		
37	64	2		
37	62	1		
37	59	1		
37	58	2		
37	57	3		
37	56	4		
37	55	5		
37	54	6		
37	53	7		
37	52	8		
37	50	1		
37	49	2		
37	47	1		
37	46	2		
37	45	3		
37	43	1		
37	42	2		
37	39	1		
37	38	2		
37	36	1		
37	35	2		
37	34	3		
37	32	1		
37	30	1		
37	29	2		
37	27	1		
37	25	1		
37	24	2		
37	23	3		
37	22	4		
37	21	5		
37	19	1		
37	18	2		
37	17	3		
37	16	4		
37	15	5		
37	14	6		
37	13	7		
37	12	8		
37	9	1		
37	8	2		
37	7	3		
37	2	1		
36	98	1		
36	97	2		
36	96	3		
36	95	4		
36	93	1		
36	92	2		
36	87	1		
36	86	2		
36	83	1		
36	82	2		
36	80	1		
36	79	2		
36	78	3		
36	75	1		
36	74	2		
36	73	3		
36	71	1		
36	70	2		
36	69	3		
36	67	1		
36	66	2		
36	64	1		
36	63	2		
36	62	3		
36	60	1		
36	58	1		
36	57	2		
36	56	3		
36	55	4		
36	54	5		
36	51	1		
36	50	2		
36	48	1		
36	47	2		
36	46	3		
36	43	1		
36	41	1		
36	40	2		
36	39	3		
36	38	4		
36	37	5		
36	36	6		
36	32	1		
36	30	1		
36	28	1		
36	26	1		
36	24	1		
36	20	1		
36	19	2		
36	18	3		
36	16	1		
36	13	1		
36	12	2		
36	11	3		
36	10	4		
36	9	5		
36	8	6		
36	7	7		
36	5	1		
36	4	2		
36	2	1		
35	100	1		
35	99	2		
35	98	3		
35	97	4		
35	95	1		
35	94	2		
35	93	3		
35	91	1		
35	90	2		
35	87	1		
35	86	2		
35	85	3		
35	84	4		
35	83	5		
35	82	6		
35	81	7		
35	80	8		
35	79	9		
35	77	1		
35	75	1		
35	73	1		
35	72	2		
35	71	3		
35	70	4		
35	69	5		
35	68	6		
35	64	1		
35	62	1		
35	61	2		
35	60	3		
35	56	1		
35	54	1		
35	53	2		
35	51	1		
35	50	2		
35	49	3		
35	47	1		
35	46	2		
35	45	3		
35	44	4		
35	41	1		
35	40	2		
35	38	1		
35	35	1		
35	33	1		
35	32	2		
35	31	3		
35	30	4		
35	28	1		
35	27	2		
35	22	1		
35	21	2		
35	18	1		
35	17	2		
35	14	1		
35	13	2		
35	12	3		
35	11	4		
35	10	5		
35	9	6		
35	8	7		
35	7	8		
35	5	1		
35	2	1		
35	1	2		
34	100	1		
34	99	2		
34	98	3		
34	95	1		
34	93	1		
34	92	2		
34	91	3		
34	90	4		
34	89	5		
34	88	6		
34	86	1		
34	84	1		
34	83	2		
34	81	1		
34	79	1		
34	78	2		
34	77	3		
34	76	4		
34	75	5		
34	74	6		
34	73	7		
34	72	8		
34	70	1		
34	69	2		
34	66	1		
34	65	2		
34	64	3		
34	63	4		
34	60	1		
34	59	2		
34	57	1		
34	56	2		
34	55	3		
34	53	1		
34	52	2		
34	49	1		
34	47	1		
34	42	1		
34	40	1		
34	39	2		
34	38	3		
34	37	4		
34	36	5		
34	35	6		
34	34	7		
34	33	8		
34	32	9		
34	30	1		
34	29	2		
34	27	1		
34	25	1		
34	23	1		
34	21	1		
34	20	2		
34	15	1		
34	13	1		
34	12	2		
34	11	3		
34	10	4		
34	8	1		
34	4	1		
34	2	1		
33	100	1		
33	96	1		
33	95	2		
33	94	3		
33	92	1		
33	90	1		
33	89	2		
33	88	3		
33	86	1		
33	81	1		
33	79	1		
33	76	1		
33	72	1		
33	71	2		
33	69	1		
33	63	1		
33	62	2		
33	61	3		
33	58	1		
33	57	2		
33	56	3		
33	52	1		
33	51	2		
33	50	3		
33	48	1		
33	47	2		
33	45	1		
33	38	1		
33	36	1		
33	35	2		
33	32	1		
33	31	2		
33	28	1		
33	26	1		
33	25	2		
33	24	3		
33	23	4		
33	18	1		
33	16	1		
33	12	1		
33	10	1		
33	8	1		
33	7	2		
33	6	3		
33	5	4		
33	3	1		
33	2	2		
32	100	1		
32	97	1		
32	96	2		
32	94	1		
32	93	2		
32	92	3		
32	91	4		
32	90	5		
32	89	6		
32	88	7		
32	86	1		
32	83	1		
32	82	2		
32	81	3		
32	80	4		
32	79	5		
32	78	6		
32	77	7		
32	76	8		
32	75	9		
32	74	10		
32	73	11		
32	71	1		
32	70	2		
32	69	3		
32	66	1		
32	65	2		
32	64	3		
32	63	4		
32	61	1		
32	59	1		
32	58	2		
32	57	3		
32	56	4		
32	55	5		
32	53	1		
32	51	1		
32	49	1		
32	48	2		
32	47	3		
32	45	1		
32	44	2		
32	43	3		
32	41	1		
32	40	2		
32	39	3		
32	37	1		
32	33	1		
32	32	2		
32	29	1		
32	27	1		
32	25	1		
32	23	1		
32	22	2		
32	21	3		
32	19	1		
32	18	2		
32	16	1		
32	15	2		
32	14	3		
32	12	1		
32	11	2		
32	10	3		
32	9	4		
32	7	1		
32	4	1		
32	1	1		
31	99	1		
31	98	2		
31	95	1		
31	94	2		
31	93	3		
31	91	1		
31	90	2		
31	88	1		
31	86	1		
31	85	2		
31	84	3		
31	83	4		
31	82	5		
31	77	1		
31	74	1		
31	72	1		
31	71	2		
31	70	3		
31	68	1		
31	67	2		
31	65	1		
31	64	2		
31	63	3		
31	62	4		
31	61	5		
31	58	1		
31	57	2		
31	56	3		
31	54	1		
31	53	2		
31	52	3		
31	50	1		
31	49	2		
31	48	3		
31	46	1		
31	44	1		
31	43	2		
31	42	3		
31	39	1		
31	38	2		
31	35	1		
31	34	2		
31	33	3		
31	32	4		
31	31	5		
31	30	6		
31	29	7		
31	28	8		
31	26	1		
31	25	2		
31	24	3		
31	23	4		
31	22	5		
31	19	1		
31	18	2		
31	16	1		
31	15	2		
31	10	1		
31	9	2		
31	7	1		
31	5	1		
31	4	2		
31	2	1		
30	100	1		
30	99	2		
30	97	1		
30	96	2		
30	95	3		
30	93	1		
30	92	2		
30	90	1		
30	89	2		
30	88	3		
30	87	4		
30	83	1		
30	82	2		
30	81	3		
30	80	4		
30	79	5		
30	78	6		
30	77	7		
30	76	8		
30	74	1		
30	73	2		
30	72	3		
30	70	1		
30	69	2		
30	67	1		
30	66	2		
30	64	1		
30	63	2		
30	61	1		
30	59	1		
30	56	1		
30	54	1		
30	52	1		
30	51	2		
30	50	3		
30	49	4		
30	48	5		
30	45	1		
30	43	1		
30	41	1		
30	40	2		
30	39	3		
30	38	4		
30	37	5		
30	34	1		
30	33	2		
30	31	1		
30	30	2		
30	28	1		
30	26	1		
30	25	2		
30	23	1		
30	22	2		
30	21	3		
30	20	4		
30	18	1		
30	15	1		
30	13	1		
30	12	2		
30	10	1		
30	8	1		
30	5	1		
30	3	1		
29	100	1		
29	98	1		
29	97	2		
29	96	3		
29	92	1		
29	91	2		
29	90	3		
29	89	4		
29	88	5		
29	87	6		
29	86	7		
29	85	8		
29	83	1		
29	81	1		
29	79	1		
29	77	1		
29	76	2		
29	75	3		
29	74	4		
29	72	1		
29	71	2		
29	68	1		
29	66	1		
29	65	2		
29	63	1		
29	62	2		
29	59	1		
29	57	1		
29	55	1		
29	52	1		
29	50	1		
29	49	2		
29	44	1		
29	42	1		
29	41	2		
29	39	1		
29	37	1		
29	36	2		
29	35	3		
29	33	1		
29	32	2		
29	30	1		
29	29	2		
29	27	1		
29	25	1		
29	24	2		
29	23	3		
29	22	4		
29	20	1		
29	17	1		
29	16	2		
29	15	3		
29	14	4		
29	13	5		
29	12	6		
29	11	7		
29	6	1		
29	1	1		
28	99	1		
28	97	1		
28	94	1		
28	93	2		
28	89	1		
28	88	2		
28	87	3		
28	84	1		
28	82	1		
28	80	1		
28	79	2		
28	78	3		
28	77	4		
28	76	5		
28	73	1		
28	72	2		
28	70	1		
28	68	1		
28	67	2		
28	65	1		
28	64	2		
28	62	1		
28	61	2		
28	60	3		
28	59	4		
28	58	5		
28	57	6		
28	56	7		
28	55	8		
28	53	1		
28	46	1		
28	45	2		
28	44	3		
28	43	4		
28	41	1		
28	37	1		
28	36	2		
28	35	3		
28	34	4		
28	30	1		
28	29	2		
28	27	1		
28	26	2		
28	25	3		
28	24	4		
28	22	1		
28	21	2		
28	18	1		
28	17	2		
28	16	3		
28	15	4		
28	13	1		
28	12	2		
28	11	3		
28	10	4		
28	7	1		
28	6	2		
28	5	3		
28	4	4		
28	2	1		
27	100	1		
27	99	2		
27	98	3		
27	94	1		
27	89	1		
27	88	2		
27	87	3		
27	86	4		
27	85	5		
27	83	1		
27	79	1		
27	77	1		
27	75	1		
27	73	1		
27	72	2		
27	71	3		
27	69	1		
27	68	2		
27	67	3		
27	66	4		
27	62	1		
27	61	2		
27	59	1		
27	58	2		
27	57	3		
27	54	1		
27	53	2		
27	51	1		
27	50	2		
27	49	3		
27	47	1		
27	46	2		
27	43	1		
27	41	1		
27	40	2		
27	38	1		
27	37	2		
27	36	3		
27	35	4		
27	32	1		
27	31	2		
27	30	3		
27	29	4		
27	28	5		
27	27	6		
27	25	1		
27	24	2		
27	23	3		
27	19	1		
27	18	2		
27	17	3		
27	16	4		
27	14	1		
27	13	2		
27	11	1		
27	9	1		
27	4	1		
27	3	2		
27	1	1		
26	100	1		
26	96	1		
26	95	2		
26	94	3		
26	93	4		
26	91	1		
26	90	2		
26	88	1		
26	86	1		
26	84	1		
26	83	2		
26	82	3		
26	80	1		
26	78	1		
26	77	2		
26	76	3		
26	75	4		
26	74	5		
26	73	6		
26	67	1		
26	65	1		
26	61	1		
26	57	1		
26	55	1		
26	54	2		
26	53	3		
26	51	1		
26	50	2		
26	49	3		
26	48	4		
26	47	5		
26	39	1		
26	37	1		
26	36	2		
26	33	1		
26	32	2		
26	30	1		
26	28	1		
26	26	1		
26	24	1		
26	23	2		
26	22	3		
26	21	4		
26	18	1		
26	17	2		
26	16	3		
26	15	4		
26	14	5		
26	13	6		
26	11	1		
26	10	2		
26	6	1		
26	3	1		
25	99	1		
25	97	1		
25	96	2		
25	95	3		
25	94	4		
25	92	1		
25	91	2		
25	89	1		
25	88	2		
25	87	3		
25	86	4		
25	84	1		
25	83	2		
25	82	3		
25	80	1		
25	79	2		
25	78	3		
25	77	4		
25	75	1		
25	73	1		
25	72	2		
25	71	3		
25	69	1		
25	67	1		
25	66	2		
25	65	3		
25	64	4		
25	63	5		
25	61	1		
25	59	1		
25	58	2		
25	57	3		
25	56	4		
25	53	1		
25	52	2		
25	51	3		
25	50	4		
25	49	5		
25	48	6		
25	45	1		
25	44	2		
25	41	1		
25	39	1		
25	37	1		
25	36	2		
25	34	1		
25	32	1		
25	31	2		
25	30	3		
25	29	4		
25	28	5		
25	27	6		
25	24	1		
25	22	1		
25	20	1		
25	19	2		
25	18	3		
25	17	4		
25	15	1		
25	14	2		
25	12	1		
25	11	2		
25	8	1		
25	6	1		
25	3	1		
25	2	2		
24	100	1		
24	99	2		
24	97	1		
24	96	2		
24	95	3		
24	94	4		
24	93	5		
24	91	1		
24	90	2		
24	89	3		
24	87	1		
24	86	2		
24	85	3		
24	84	4		
24	83	5		
24	81	1		
24	80	2		
24	78	1		
24	74	1		
24	70	1		
24	67	1		
24	66	2		
24	65	3		
24	63	1		
24	61	1		
24	59	1		
24	58	2		
24	57	3		
24	56	4		
24	55	5		
24	54	6		
24	53	7		
24	52	8		
24	51	9		
24	50	10		
24	49	11		
24	47	1		
24	44	1		
24	42	1		
24	38	1		
24	37	2		
24	36	3		
24	35	4		
24	34	5		
24	33	6		
24	32	7		
24	31	8		
24	30	9		
24	29	10		
24	28	11		
24	27	12		
24	26	13		
24	25	14		
24	23	1		
24	22	2		
24	21	3		
24	20	4		
24	19	5		
24	18	6		
24	16	1		
24	15	2		
24	14	3		
24	13	4		
24	12	5		
24	11	6		
24	10	7		
24	9	8		
24	7	1		
24	5	1		
24	3	1		
23	99	1		
23	98	2		
23	96	1		
23	95	2		
23	94	3		
23	93	4		
23	92	5		
23	91	6		
23	90	7		
23	89	8		
23	87	1		
23	86	2		
23	85	3		
23	84	4		
23	83	5		
23	82	6		
23	81	7		
23	80	8		
23	79	9		
23	78	10		
23	77	11		
23	75	1		
23	74	2		
23	73	3		
23	72	4		
23	71	5		
23	70	6		
23	69	7		
23	68	8		
23	67	9		
23	65	1		
23	63	1		
23	62	2		
23	61	3		
23	59	1		
23	57	1		
23	56	2		
23	54	1		
23	52	1		
23	51	2		
23	50	3		
23	48	1		
23	47	2		
23	46	3		
23	44	1		
23	43	2		
23	42	3		
23	41	4		
23	38	1		
23	36	1		
23	35	2		
23	34	3		
23	33	4		
23	32	5		
23	31	6		
23	30	7		
23	28	1		
23	27	2		
23	25	1		
23	23	1		
23	22	2		
23	19	1		
23	17	1		
23	16	2		
23	15	3		
23	13	1		
23	12	2		
23	10	1		
23	8	1		
23	7	2		
23	6	3		
23	2	1		
23	1	2		
22	100	1		
22	98	1		
22	97	2		
22	96	3		
22	94	1		
22	93	2		
22	92	3		
22	91	4		
22	90	5		
22	88	1		
22	87	2		
22	86	3		
22	84	1		
22	82	1		
22	81	2		
22	80	3		
22	79	4		
22	77	1		
22	75	1		
22	74	2		
22	73	3		
22	72	4		
22	70	1		
22	66	1		
22	64	1		
22	62	1		
22	61	2		
22	59	1		
22	58	2		
22	57	3		
22	56	4		
22	55	5		
22	52	1		
22	51	2		
22	50	3		
22	49	4		
22	48	5		
22	47	6		
22	46	7		
22	43	1		
22	42	2		
22	40	1		
22	39	2		
22	38	3		
22	34	1		
22	32	1		
22	31	2		
22	30	3		
22	29	4		
22	28	5		
22	27	6		
22	24	1		
22	23	2		
22	22	3		
22	21	4		
22	20	5		
22	19	6		
22	17	1		
22	15	1		
22	13	1		
22	12	2		
22	11	3		
22	10	4		
22	9	5		
22	7	1		
22	5	1		
22	3	1		
22	2	2		
22	1	3		
21	100	1		
21	99	2		
21	98	3		
21	96	1		
21	93	1		
21	88	1		
21	87	2		
21	86	3		
21	85	4		
21	82	1		
21	78	1		
21	77	2		
21	76	3		
21	74	1		
21	73	2		
21	70	1		
21	67	1		
21	66	2		
21	65	3		
21	64	4		
21	61	1		
21	60	2		
21	56	1		
21	55	2		
21	52	1		
21	50	1		
21	49	2		
21	46	1		
21	45	2		
21	44	3		
21	41	1		
21	40	2		
21	39	3		
21	38	4		
21	37	5		
21	33	1		
21	32	2		
21	31	3		
21	28	1		
21	27	2		
21	26	3		
21	24	1		
21	23	2		
21	22	3		
21	20	1		
21	19	2		
21	18	3		
21	17	4		
21	16	5		
21	15	6		
21	14	7		
21	13	8		
21	10	1		
21	9	2		
21	8	3		
21	7	4		
21	6	5		
21	4	1		
21	3	2		
21	2	3		
21	1	4		
20	100	1		
20	99	2		
20	96	1		
20	94	1		
20	91	1		
20	89	1		
20	88	2		
20	86	1		
20	85	2		
20	84	3		
20	80	1		
20	79	2		
20	77	1		
20	73	1		
20	72	2		
20	70	1		
20	69	2		
20	68	3		
20	67	4		
20	65	1		
20	63	1		
20	62	2		
20	60	1		
20	57	1		
20	55	1		
20	54	2		
20	53	3		
20	50	1		
20	49	2		
20	47	1		
20	45	1		
20	41	1		
20	39	1		
20	36	1		
20	34	1		
20	32	1		
20	31	2		
20	29	1		
20	28	2		
20	27	3		
20	26	4		
20	24	1		
20	23	2		
20	22	3		
20	19	1		
20	18	2		
20	17	3		
20	15	1		
20	12	1		
20	11	2		
20	10	3		
20	9	4		
20	8	5		
20	7	6		
20	6	7		
20	5	8		
20	4	9		
20	3	10		
19	99	1		
19	97	1		
19	94	1		
19	92	1		
19	91	2		
19	90	3		
19	89	4		
19	88	5		
19	84	1		
19	82	1		
19	81	2		
19	78	1		
19	76	1		
19	74	1		
19	72	1		
19	70	1		
19	69	2		
19	68	3		
19	67	4		
19	64	1		
19	62	1		
19	60	1		
19	58	1		
19	57	2		
19	56	3		
19	54	1		
19	52	1		
19	49	1		
19	47	1		
19	46	2		
19	45	3		
19	44	4		
19	42	1		
19	41	2		
19	40	3		
19	39	4		
19	36	1		
19	35	2		
19	34	3		
19	33	4		
19	32	5		
19	31	6		
19	30	7		
19	28	1		
19	25	1		
19	24	2		
19	23	3		
19	22	4		
19	19	1		
19	15	1		
19	14	2		
19	13	3		
19	12	4		
19	9	1		
19	8	2		
19	5	1		
18	100	1		
18	96	1		
18	94	1		
18	93	2		
18	91	1		
18	86	1		
18	85	2		
18	84	3		
18	83	4		
18	82	5		
18	79	1		
18	76	1		
18	73	1		
18	71	1		
18	68	1		
18	67	2		
18	65	1		
18	64	2		
18	62	1		
18	60	1		
18	58	1		
18	56	1		
18	52	1		
18	49	1		
18	47	1		
18	44	1		
18	43	2		
18	42	3		
18	39	1		
18	37	1		
18	36	2		
18	35	3		
18	30	1		
18	25	1		
18	23	1		
18	22	2		
18	21	3		
18	20	4		
18	19	5		
18	18	6		
18	17	7		
18	16	8		
18	15	9		
18	13	1		
18	12	2		
18	11	3		
18	10	4		
18	9	5		
18	4	1		
18	2	1		
18	1	2		
17	99	1		
17	97	1		
17	95	1		
17	94	2		
17	92	1		
17	90	1		
17	88	1		
17	87	2		
17	86	3		
17	85	4		
17	84	5		
17	83	6		
17	82	7		
17	75	1		
17	71	1		
17	70	2		
17	69	3		
17	66	1		
17	65	2		
17	63	1		
17	62	2		
17	61	3		
17	60	4		
17	59	5		
17	58	6		
17	57	7		
17	56	8		
17	54	1		
17	53	2		
17	52	3		
17	51	4		
17	50	5		
17	48	1		
17	45	1		
17	44	2		
17	43	3		
17	42	4		
17	41	5		
17	38	1		
17	37	2		
17	35	1		
17	33	1		
17	30	1		
17	27	1		
17	26	2		
17	25	3		
17	24	4		
17	22	1		
17	20	1		
17	17	1		
17	16	2		
17	15	3		
17	14	4		
17	13	5		
17	9	1		
17	8	2		
17	7	3		
17	5	1		
17	4	2		
17	3	3		
17	1	1		
16	99	1		
16	97	1		
16	96	2		
16	95	3		
16	92	1		
16	91	2		
16	90	3		
16	89	4		
16	88	5		
16	87	6		
16	86	7		
16	85	8		
16	82	1		
16	80	1		
16	79	2		
16	78	3		
16	76	1		
16	72	1		
16	69	1		
16	65	1		
16	64	2		
16	63	3		
16	61	1		
16	60	2		
16	59	3		
16	58	4		
16	57	5		
16	56	6		
16	55	7		
16	54	8		
16	53	9		
16	50	1		
16	49	2		
16	48	3		
16	47	4		
16	45	1		
16	44	2		
16	43	3		
16	40	1		
16	39	2		
16	38	3		
16	37	4		
16	36	5		
16	35	6		
16	30	1		
16	29	2		
16	28	3		
16	27	4		
16	26	5		
16	24	1		
16	20	1		
16	19	2		
16	16	1		
16	15	2		
16	14	3		
16	8	1		
16	7	2		
16	6	3		
16	3	1		
15	100	1		
15	95	1		
15	93	1		
15	91	1		
15	87	1		
15	86	2		
15	83	1		
15	81	1		
15	80	2		
15	78	1		
15	76	1		
15	73	1		
15	72	2		
15	70	1		
15	69	2		
15	68	3		
15	66	1		
15	65	2		
15	63	1		
15	60	1		
15	59	2		
15	58	3		
15	54	1		
15	52	1		
15	51	2		
15	50	3		
15	47	1		
15	42	1		
15	39	1		
15	37	1		
15	34	1		
15	32	1		
15	30	1		
15	29	2		
15	23	1		
15	21	1		
15	20	2		
15	19	3		
15	18	4		
15	17	5		
15	15	1		
15	13	1		
15	11	1		
15	10	2		
15	8	1		
15	5	1		
15	2	1		
15	1	2		
14	100	1		
14	99	2		
14	98	3		
14	95	1		
14	92	1		
14	90	1		
14	89	2		
14	86	1		
14	85	2		
14	84	3		
14	82	1		
14	81	2		
14	79	1		
14	78	2		
14	77	3		
14	76	4		
14	75	5		
14	74	6		
14	72	1		
14	69	1		
14	68	2		
14	66	1		
14	65	2		
14	64	3		
14	61	1		
14	60	2		
14	59	3		
14	56	1		
14	55	2		
14	54	3		
14	50	1		
14	46	1		
14	45	2		
14	44	3		
14	41	1		
14	39	1		
14	38	2		
14	37	3		
14	36	4		
14	34	1		
14	33	2		
14	30	1		
14	27	1		
14	26	2		
14	24	1		
14	22	1		
14	20	1		
14	19	2		
14	18	3		
14	17	4		
14	16	5		
14	14	1		
14	13	2		
14	11	1		
14	10	2		
14	9	3		
14	8	4		
14	5	1		
14	4	2		
14	3	3		
14	2	4		
13	100	1		
13	97	1		
13	96	2		
13	95	3		
13	94	4		
13	93	5		
13	92	6		
13	89	1		
13	81	1		
13	80	2		
13	78	1		
13	69	1		
13	68	2		
13	66	1		
13	64	1		
13	63	2		
13	62	3		
13	61	4		
13	60	5		
13	59	6		
13	58	7		
13	54	1		
13	51	1		
13	49	1		
13	47	1		
13	46	2		
13	42	1		
13	41	2		
13	40	3		
13	39	4		
13	35	1		
13	34	2		
13	32	1		
13	29	1		
13	28	2		
13	27	3		
13	26	4		
13	25	5		
13	24	6		
13	23	7		
13	22	8		
13	19	1		
13	18	2		
13	17	3		
13	16	4		
13	13	1		
13	12	2		
13	10	1		
13	9	2		
13	8	3		
13	7	4		
13	5	1		
13	4	2		
13	3	3		
13	2	4		
13	1	5		
12	100	1		
12	97	1		
12	96	2		
12	95	3		
12	94	4		
12	93	5		
12	91	1		
12	90	2		
12	89	3		
12	86	1		
12	85	2		
12	84	3		
12	78	1		
12	76	1		
12	75	2		
12	74	3		
12	73	4		
12	71	1		
12	70	2		
12	69	3		
12	67	1		
12	65	1		
12	64	2		
12	63	3		
12	62	4		
12	61	5		
12	60	6		
12	59	7		
12	57	1		
12	56	2		
12	54	1		
12	53	2		
12	52	3		
12	51	4		
12	49	1		
12	48	2		
12	46	1		
12	44	1		
12	40	1		
12	39	2		
12	37	1		
12	36	2		
12	35	3		
12	32	1		
12	30	1		
12	28	1		
12	27	2		
12	24	1		
12	21	1		
12	20	2		
12	19	3		
12	18	4		
12	15	1		
12	10	1		
12	9	2		
12	6	1		
12	5	2		
12	3	1		
11	100	1		
11	98	1		
11	95	1		
11	94	2		
11	93	3		
11	91	1		
11	88	1		
11	86	1		
11	85	2		
11	84	3		
11	83	4		
11	82	5		
11	81	6		
11	80	7		
11	79	8		
11	77	1		
11	76	2		
11	74	1		
11	73	2		
11	70	1		
11	67	1		
11	66	2		
11	65	3		
11	64	4		
11	63	5		
11	62	6		
11	60	1		
11	59	2		
11	58	3		
11	57	4		
11	55	1		
11	54	2		
11	53	3		
11	52	4		
11	51	5		
11	49	1		
11	48	2		
11	47	3		
11	45	1		
11	44	2		
11	41	1		
11	40	2		
11	38	1		
11	37	2		
11	34	1		
11	32	1		
11	31	2		
11	30	3		
11	29	4		
11	28	5		
11	26	1		
11	24	1		
11	23	2		
11	22	3		
11	21	4		
11	20	5		
11	19	6		
11	18	7		
11	17	8		
11	16	9		
11	11	1		
11	10	2		
11	9	3		
11	7	1		
11	6	2		
11	5	3		
11	4	4		
11	2	1		
10	100	1		
10	99	2		
10	98	3		
10	97	4		
10	96	5		
10	94	1		
10	93	2		
10	92	3		
10	91	4		
10	89	1		
10	88	2		
10	87	3		
10	85	1		
10	84	2		
10	82	1		
10	81	2		
10	80	3		
10	78	1		
10	77	2		
10	74	1		
10	72	1		
10	64	1		
10	63	2		
10	61	1		
10	59	1		
10	58	2		
10	55	1		
10	54	2		
10	53	3		
10	51	1		
10	50	2		
10	49	3		
10	48	4		
10	44	1		
10	43	2		
10	40	1		
10	39	2		
10	36	1		
10	35	2		
10	33	1		
10	32	2		
10	30	1		
10	26	1		
10	24	1		
10	23	2		
10	22	3		
10	21	4		
10	19	1		
10	17	1		
10	16	2		
10	13	1		
10	12	2		
10	10	1		
10	9	2		
10	8	3		
10	7	4		
10	5	1		
10	3	1		
9	99	1		
9	98	2		
9	97	3		
9	95	1		
9	94	2		
9	93	3		
9	92	4		
9	91	5		
9	90	6		
9	89	7		
9	88	8		
9	85	1		
9	84	2		
9	82	1		
9	80	1		
9	79	2		
9	78	3		
9	77	4		
9	76	5		
9	75	6		
9	73	1		
9	72	2		
9	70	1		
9	69	2		
9	68	3		
9	67	4		
9	66	5		
9	62	1		
9	60	1		
9	57	1		
9	56	2		
9	55	3		
9	53	1		
9	51	1		
9	50	2		
9	49	3		
9	47	1		
9	46	2		
9	44	1		
9	41	1		
9	36	1		
9	35	2		
9	33	1		
9	31	1		
9	30	2		
9	29	3		
9	27	1		
9	26	2		
9	25	3		
9	23	1		
9	20	1		
9	17	1		
9	15	1		
9	14	2		
9	11	1		
9	10	2		
9	8	1		
9	5	1		
9	3	1		
9	2	2		
8	100	1		
8	99	2		
8	97	1		
8	96	2		
8	95	3		
8	93	1		
8	92	2		
8	87	1		
8	84	1		
8	82	1		
8	81	2		
8	80	3		
8	74	1		
8	73	2		
8	72	3		
8	71	4		
8	70	5		
8	68	1		
8	67	2		
8	61	1		
8	60	2		
8	58	1		
8	57	2		
8	55	1		
8	54	2		
8	52	1		
8	49	1		
8	48	2		
8	47	3		
8	45	1		
8	43	1		
8	42	2		
8	40	1		
8	38	1		
8	34	1		
8	33	2		
8	32	3		
8	25	1		
8	23	1		
8	21	1		
8	20	2		
8	19	3		
8	18	4		
8	17	5		
8	16	6		
8	14	1		
8	13	2		
8	11	1		
8	9	1		
8	6	1		
8	3	1		
8	1	1		
7	100	1		
7	98	1		
7	97	2		
7	95	1		
7	93	1		
7	92	2		
7	90	1		
7	88	1		
7	87	2		
7	85	1		
7	82	1		
7	80	1		
7	78	1		
7	75	1		
7	74	2		
7	69	1		
7	68	2		
7	67	3		
7	65	1		
7	64	2		
7	63	3		
7	62	4		
7	61	5		
7	59	1		
7	58	2		
7	57	3		
7	56	4		
7	55	5		
7	52	1		
7	51	2		
7	50	3		
7	48	1		
7	46	1		
7	45	2		
7	44	3		
7	43	4		
7	42	5		
7	41	6		
7	39	1		
7	38	2		
7	37	3		
7	36	4		
7	35	5		
7	34	6		
7	33	7		
7	31	1		
7	30	2		
7	29	3		
7	28	4		
7	27	5		
7	26	6		
7	24	1		
7	23	2		
7	21	1		
7	20	2		
7	18	1		
7	17	2		
7	16	3		
7	15	4		
7	12	1		
7	11	2		
7	10	3		
7	9	4		
7	8	5		
7	7	6		
7	3	1		
7	2	2		
7	1	3		
6	100	1		
6	98	1		
6	97	2		
6	96	3		
6	94	1		
6	89	1		
6	86	1		
6	85	2		
6	84	3		
6	83	4		
6	80	1		
6	76	1		
6	74	1		
6	73	2		
6	72	3		
6	70	1		
6	68	1		
6	66	1		
6	65	2		
6	64	3		
6	63	4		
6	62	5		
6	60	1		
6	59	2		
6	58	3		
6	57	4		
6	56	5		
6	55	6		
6	54	7		
6	53	8		
6	52	9		
6	49	1		
6	47	1		
6	46	2		
6	43	1		
6	42	2		
6	41	3		
6	39	1		
6	38	2		
6	35	1		
6	32	1		
6	31	2		
6	30	3		
6	29	4		
6	27	1		
6	26	2		
6	24	1		
6	23	2		
6	20	1		
6	18	1		
6	17	2		
6	16	3		
6	15	4		
6	14	5		
6	13	6		
6	11	1		
6	10	2		
6	8	1		
6	4	1		
5	100	1		
5	99	2		
5	98	3		
5	94	1		
5	92	1		
5	89	1		
5	88	2		
5	86	1		
5	85	2		
5	82	1		
5	78	1		
5	77	2		
5	76	3		
5	75	4		
5	73	1		
5	72	2		
5	70	1		
5	69	2		
5	68	3		
5	65	1		
5	63	1		
5	61	1		
5	60	2		
5	59	3		
5	58	4		
5	55	1		
5	54	2		
5	48	1		
5	47	2		
5	45	1		
5	44	2		
5	43	3		
5	42	4		
5	41	5		
5	38	1		
5	37	2		
5	36	3		
5	35	4		
5	34	5		
5	33	6		
5	32	7		
5	27	1		
5	26	2		
5	25	3		
5	24	4		
5	23	5		
5	19	1		
5	16	1		
5	15	2		
5	14	3		
5	13	4		
5	12	5		
5	11	6		
5	10	7		
5	9	8		
5	6	1		
5	4	1		
5	1	1		
4	100	1		
4	99	2		
4	97	1		
4	96	2		
4	91	1		
4	90	2		
4	89	3		
4	87	1		
4	86	2		
4	85	3		
4	84	4		
4	83	5		
4	82	6		
4	79	1		
4	78	2		
4	77	3		
4	73	1		
4	71	1		
4	67	1		
4	65	1		
4	64	2		
4	63	3		
4	62	4		
4	61	5		
4	60	6		
4	58	1		
4	57	2		
4	56	3		
4	55	4		
4	54	5		
4	53	6		
4	51	1		
4	50	2		
4	49	3		
4	47	1		
4	46	2		
4	43	1		
4	42	2		
4	41	3		
4	39	1		
4	38	2		
4	35	1		
4	33	1		
4	30	1		
4	29	2		
4	28	3		
4	26	1		
4	24	1		
4	23	2		
4	21	1		
4	20	2		
4	19	3		
4	18	4		
4	16	1		
4	15	2		
4	13	1		
4	12	2		
4	11	3		
4	10	4		
4	8	1		
4	5	1		
4	3	1		
4	2	2		
3	100	1		
3	99	2		
3	98	3		
3	97	4		
3	96	5		
3	94	1		
3	93	2		
3	91	1		
3	90	2		
3	89	3		
3	86	1		
3	84	1		
3	80	1		
3	78	1		
3	76	1		
3	74	1		
3	72	1		
3	70	1		
3	68	1		
3	67	2		
3	64	1		
3	62	1		
3	60	1		
3	59	2		
3	58	3		
3	56	1		
3	55	2		
3	52	1		
3	51	2		
3	50	3		
3	48	1		
3	46	1		
3	41	1		
3	40	2		
3	38	1		
3	35	1		
3	34	2		
3	32	1		
3	31	2		
3	30	3		
3	29	4		
3	26	1		
3	25	2		
3	23	1		
3	21	1		
3	15	1		
3	14	2		
3	13	3		
3	12	4		
3	11	5		
3	8	1		
3	3	1		
3	2	2		
3	1	3		
2	100	1		
2	98	1		
2	97	2		
2	96	3		
2	95	4		
2	93	1		
2	92	2		
2	91	3		
2	89	1		
2	88	2		
2	87	3		
2	86	4		
2	84	1		
2	83	2		
2	80	1		
2	79	2		
2	77	1		
2	75	1		
2	74	2		
2	73	3		
2	72	4		
2	71	5		
2	70	6		
2	68	1		
2	67	2		
2	66	3		
2	65	4		
2	64	5		
2	61	1		
2	58	1		
2	56	1		
2	54	1		
2	53	2		
2	52	3		
2	49	1		
2	47	1		
2	46	2		
2	45	3		
2	44	4		
2	42	1		
2	41	2		
2	40	3		
2	39	4		
2	38	5		
2	37	6		
2	35	1		
2	34	2		
2	33	3		
2	29	1		
2	28	2		
2	27	3		
2	26	4		
2	25	5		
2	24	6		
2	23	7		
2	21	1		
2	20	2		
2	18	1		
2	17	2		
2	15	1		
2	14	2		
2	13	3		
2	12	4		
2	11	5		
2	10	6		
2	9	7		
2	7	1		
2	4	1		
1	100	1		
1	97	1		
1	94	1		
1	93	2		
1	91	1		
1	88	1		
1	86	1		
1	83	1		
1	81	1		
1	79	1		
1	78	2		
1	77	3		
1	76	4		
1	73	1		
1	72	2		
1	71	3		
1	68	1		
1	64	1		
1	62	1		
1	60	1		
1	59	2		
1	57	1		
1	53	1		
1	50	1		
1	45	1		
1	44	2		
1	42	1		
1	39	1		
1	37	1		
1	35	1		
1	34	2		
1	32	1		
1	30	1		
1	29	2		
1	28	3		
1	25	1		
1	24	2		
1	22	1		
1	21	2		
1	20	3		
1	19	4		
1	18	5		
1	17	6		
1	15	1		
1	14	2		
1	13	3		
1	10	1		
1	9	2		
1	8	3		
1	7	4		
1	6	5		
1	5	6		
1	4	7		
1	3	8		